
[ 5, 0, 2, 0, 1, 2, 4 ]
16
[ 5, 0, 2, 4, 1, 0, 4 ]
16
[ 5, 0, 2, 8, 1, 2, 4 ]
16
[ 5, 0, 2, 12, 1, 0, 4 ]
16
[ 13, 0, 2, 0, 1, 2, 4 ]
16
[ 13, 0, 2, 4, 1, 0, 4 ]
16
[ 13, 0, 2, 8, 1, 2, 4 ]
16
[ 13, 0, 2, 12, 1, 0, 4 ]
16
[ 1, 1, 2, 2, 1, 4, 16 ]
2
[ 1, 1, 2, 10, 1, 4, 16 ]
2
[ 1, 1, 6, 6, 1, 4, 16 ]
2
[ 1, 1, 6, 14, 1, 4, 16 ]
2
[ 1, 1, 10, 2, 1, 4, 16 ]
2
[ 1, 1, 10, 10, 1, 4, 16 ]
2
[ 1, 1, 14, 6, 1, 4, 16 ]
2
[ 1, 1, 14, 14, 1, 4, 16 ]
2
[ 2, 1, 2, 5, 0, 6, 16 ]
2
[ 2, 1, 2, 13, 0, 6, 16 ]
2
[ 2, 1, 6, 1, 0, 10, 16 ]
2
[ 2, 1, 6, 9, 0, 10, 16 ]
2
[ 2, 1, 10, 5, 0, 14, 16 ]
2
[ 2, 1, 10, 13, 0, 14, 16 ]
2
[ 2, 1, 14, 1, 0, 2, 16 ]
2
[ 2, 1, 14, 9, 0, 2, 16 ]
2
[ 5, 1, 2, 2, 1, 12, 16 ]
2
[ 5, 1, 2, 10, 1, 12, 16 ]
2
[ 5, 1, 6, 6, 1, 12, 16 ]
2
[ 5, 1, 6, 14, 1, 12, 16 ]
2
[ 5, 1, 10, 2, 1, 12, 16 ]
2
[ 5, 1, 10, 10, 1, 12, 16 ]
2
[ 5, 1, 14, 6, 1, 12, 16 ]
2
[ 5, 1, 14, 14, 1, 12, 16 ]
2
[ 6, 1, 2, 1, 0, 14, 16 ]
2
[ 6, 1, 2, 9, 0, 14, 16 ]
2
[ 6, 1, 6, 5, 0, 2, 16 ]
2
[ 6, 1, 6, 13, 0, 2, 16 ]
2
[ 6, 1, 10, 1, 0, 6, 16 ]
2
[ 6, 1, 10, 9, 0, 6, 16 ]
2
[ 6, 1, 14, 5, 0, 10, 16 ]
2
[ 6, 1, 14, 13, 0, 10, 16 ]
2
[ 9, 1, 2, 2, 1, 4, 16 ]
2
[ 9, 1, 2, 10, 1, 4, 16 ]
2
[ 9, 1, 6, 6, 1, 4, 16 ]
2
[ 9, 1, 6, 14, 1, 4, 16 ]
2
[ 9, 1, 10, 2, 1, 4, 16 ]
2
[ 9, 1, 10, 10, 1, 4, 16 ]
2
[ 9, 1, 14, 6, 1, 4, 16 ]
2
[ 9, 1, 14, 14, 1, 4, 16 ]
2
[ 10, 1, 2, 5, 0, 6, 16 ]
2
[ 10, 1, 2, 13, 0, 6, 16 ]
2
[ 10, 1, 6, 1, 0, 10, 16 ]
2
[ 10, 1, 6, 9, 0, 10, 16 ]
2
[ 10, 1, 10, 5, 0, 14, 16 ]
2
[ 10, 1, 10, 13, 0, 14, 16 ]
2
[ 10, 1, 14, 1, 0, 2, 16 ]
2
[ 10, 1, 14, 9, 0, 2, 16 ]
2
[ 13, 1, 2, 2, 1, 12, 16 ]
2
[ 13, 1, 2, 10, 1, 12, 16 ]
2
[ 13, 1, 6, 6, 1, 12, 16 ]
2
[ 13, 1, 6, 14, 1, 12, 16 ]
2
[ 13, 1, 10, 2, 1, 12, 16 ]
2
[ 13, 1, 10, 10, 1, 12, 16 ]
2
[ 13, 1, 14, 6, 1, 12, 16 ]
2
[ 13, 1, 14, 14, 1, 12, 16 ]
2
[ 14, 1, 2, 1, 0, 14, 16 ]
2
[ 14, 1, 2, 9, 0, 14, 16 ]
2
[ 14, 1, 6, 5, 0, 2, 16 ]
2
[ 14, 1, 6, 13, 0, 2, 16 ]
2
[ 14, 1, 10, 1, 0, 6, 16 ]
2
[ 14, 1, 10, 9, 0, 6, 16 ]
2
[ 14, 1, 14, 5, 0, 10, 16 ]
2
[ 14, 1, 14, 13, 0, 10, 16 ]
2