[  68,  1,  1,  1 ]
[  68,  0,  1,  0 ]
[  68,  0,  1,  0 ]
[  68,  0,  1,  0 ]
[  68,  0,  1,  0 ]
[  68,  0,  0,  1 ]
[  68,  0,  0,  0 ]
[  68,  0,  0,  0 ]
[  68,  0,  0,  0 ]
[  68,  0,  0,  0 ]
[  68,  0,  0,  1 ]
[  68,  0,  0,  0 ]
[  68,  0,  0,  0 ]
[  68,  0,  0,  0 ]
[  68,  0,  0,  0 ]
[  68,  0,  0,  1 ]
[  68,  0,  0,  0 ]
[  68,  0,  0,  0 ]
[  68,  1,  0,  0 ]
[  68,  1,  0,  0 ]
[  68,  0,  0,  1 ]
[  68,  0,  0,  0 ]
[  68,  0,  0,  0 ]
[  68,  1,  0,  0 ]
[  68,  1,  0,  0 ]
[ 122,  1,  1,  1 ]
[ 122,  0,  1,  0 ]
[ 122,  0,  1,  0 ]
[ 122,  0,  1,  0 ]
[ 122,  0,  1,  0 ]
[ 122,  0,  0,  1 ]
[ 122,  0,  0,  0 ]
[ 122,  0,  0,  0 ]
[ 122,  0,  0,  0 ]
[ 122,  0,  0,  0 ]
[ 122,  0,  0,  1 ]
[ 122,  0,  0,  0 ]
[ 122,  0,  0,  0 ]
[ 122,  0,  0,  0 ]
[ 122,  0,  0,  0 ]
[ 122,  0,  0,  1 ]
[ 122,  0,  0,  0 ]
[ 122,  0,  0,  0 ]
[ 122,  0,  0,  0 ]
[ 122,  0,  0,  0 ]
[ 122,  0,  0,  1 ]
[ 122,  0,  0,  0 ]
[ 122,  0,  0,  0 ]
[ 122,  0,  0,  0 ]
[ 122,  0,  0,  0 ]
[ 124,  1,  1,  1 ]
[ 124,  0,  1,  0 ]
[ 124,  0,  1,  0 ]
[ 124,  0,  1,  0 ]
[ 124,  0,  1,  0 ]
[ 124,  0,  0,  1 ]
[ 124,  0,  0,  0 ]
[ 124,  0,  0,  0 ]
[ 124,  0,  0,  0 ]
[ 124,  0,  0,  0 ]
[ 124,  0,  0,  1 ]
[ 124,  0,  0,  0 ]
[ 124,  0,  0,  0 ]
[ 124,  0,  0,  0 ]
[ 124,  0,  0,  0 ]
[ 124,  0,  0,  1 ]
[ 124,  0,  0,  0 ]
[ 124,  0,  0,  0 ]
[ 124,  0,  0,  0 ]
[ 124,  0,  0,  0 ]
[ 124,  0,  0,  1 ]
[ 124,  0,  0,  0 ]
[ 124,  0,  0,  0 ]
[ 124,  0,  0,  0 ]
[ 124,  0,  0,  0 ]
[ 128,  0,  1,  1 ]
[ 128,  0,  1,  0 ]
[ 128,  0,  1,  0 ]
[ 128,  0,  1,  0 ]
[ 128,  0,  1,  0 ]
[ 128,  0,  0,  1 ]
[ 128,  0,  0,  0 ]
[ 128,  0,  0,  0 ]
[ 128,  0,  0,  0 ]
[ 128,  0,  0,  0 ]
[ 128,  0,  0,  1 ]
[ 128,  0,  0,  0 ]
[ 128,  0,  0,  0 ]
[ 128,  0,  0,  0 ]
[ 128,  0,  0,  0 ]
[ 128,  0,  0,  1 ]
[ 128,  0,  0,  0 ]
[ 128,  0,  0,  0 ]
[ 128,  0,  0,  0 ]
[ 128,  0,  0,  0 ]
[ 128,  0,  0,  1 ]
[ 128,  0,  0,  0 ]
[ 128,  0,  0,  0 ]
[ 128,  0,  0,  0 ]
[ 128,  0,  0,  0 ]
[ 132,  0,  1,  1 ]
[ 132,  0,  1,  0 ]
[ 132,  0,  1,  0 ]
[ 132,  0,  1,  0 ]
[ 132,  0,  1,  0 ]
[ 132,  0,  0,  1 ]
[ 132,  0,  0,  0 ]
[ 132,  0,  0,  0 ]
[ 132,  0,  0,  0 ]
[ 132,  0,  0,  0 ]
[ 132,  0,  0,  1 ]
[ 132,  0,  0,  0 ]
[ 132,  0,  0,  0 ]
[ 132,  0,  0,  0 ]
[ 132,  0,  0,  0 ]
[ 132,  0,  0,  1 ]
[ 132,  0,  0,  0 ]
[ 132,  0,  0,  0 ]
[ 132,  0,  0,  0 ]
[ 132,  0,  0,  0 ]
[ 132,  0,  0,  1 ]
[ 132,  0,  0,  0 ]
[ 132,  0,  0,  0 ]
[ 132,  0,  0,  0 ]
[ 132,  0,  0,  0 ]
[ 134,  1,  1,  1 ]
[ 134,  0,  1,  0 ]
[ 134,  0,  1,  0 ]
[ 134,  0,  1,  0 ]
[ 134,  0,  1,  0 ]
[ 134,  0,  0,  1 ]
[ 134,  0,  0,  0 ]
[ 134,  0,  0,  0 ]
[ 134,  0,  0,  0 ]
[ 134,  0,  0,  0 ]
[ 134,  0,  0,  1 ]
[ 134,  0,  0,  0 ]
[ 134,  0,  0,  0 ]
[ 134,  0,  0,  0 ]
[ 134,  0,  0,  0 ]
[ 134,  0,  0,  1 ]
[ 134,  0,  0,  0 ]
[ 134,  0,  0,  0 ]
[ 134,  0,  0,  0 ]
[ 134,  0,  0,  0 ]
[ 134,  0,  0,  1 ]
[ 134,  0,  0,  0 ]
[ 134,  0,  0,  0 ]
[ 134,  0,  0,  0 ]
[ 134,  0,  0,  0 ]
[ 141,  1,  1,  1 ]
[ 141,  0,  1,  0 ]
[ 141,  0,  1,  0 ]
[ 141,  0,  1,  0 ]
[ 141,  0,  1,  0 ]
[ 141,  0,  0,  1 ]
[ 141,  0,  0,  0 ]
[ 141,  0,  0,  0 ]
[ 141,  1,  0,  0 ]
[ 141,  1,  0,  0 ]
[ 141,  0,  0,  1 ]
[ 141,  0,  0,  0 ]
[ 141,  0,  0,  0 ]
[ 141,  1,  0,  0 ]
[ 141,  1,  0,  0 ]
[ 141,  0,  0,  1 ]
[ 141,  0,  0,  0 ]
[ 141,  0,  0,  0 ]
[ 141,  1,  0,  0 ]
[ 141,  1,  0,  0 ]
[ 141,  0,  0,  1 ]
[ 141,  0,  0,  0 ]
[ 141,  0,  0,  0 ]
[ 141,  1,  0,  0 ]
[ 141,  1,  0,  0 ]
[ 144,  1,  1,  1 ]
[ 144,  0,  1,  0 ]
[ 144,  0,  1,  0 ]
[ 144,  0,  1,  0 ]
[ 144,  0,  1,  0 ]
[ 144,  0,  0,  1 ]
[ 144,  0,  0,  0 ]
[ 144,  0,  0,  0 ]
[ 144,  1,  0,  0 ]
[ 144,  1,  0,  0 ]
[ 144,  0,  0,  1 ]
[ 144,  0,  0,  0 ]
[ 144,  0,  0,  0 ]
[ 144,  1,  0,  0 ]
[ 144,  1,  0,  0 ]
[ 144,  0,  0,  1 ]
[ 144,  0,  0,  0 ]
[ 144,  0,  0,  0 ]
[ 144,  1,  0,  0 ]
[ 144,  1,  0,  0 ]
[ 144,  0,  0,  1 ]
[ 144,  0,  0,  0 ]
[ 144,  0,  0,  0 ]
[ 144,  1,  0,  0 ]
[ 144,  1,  0,  0 ]
[ 168,  1,  1,  1 ]
[ 168,  0,  1,  0 ]
[ 168,  0,  1,  0 ]
[ 168,  0,  1,  0 ]
[ 168,  0,  1,  0 ]
[ 168,  0,  0,  1 ]
[ 168,  1,  0,  0 ]
[ 168,  1,  0,  0 ]
[ 168,  1,  0,  0 ]
[ 168,  1,  0,  0 ]
[ 168,  0,  0,  1 ]
[ 168,  1,  0,  0 ]
[ 168,  1,  0,  0 ]
[ 168,  1,  0,  0 ]
[ 168,  1,  0,  0 ]
[ 168,  0,  0,  1 ]
[ 168,  1,  0,  0 ]
[ 168,  1,  0,  0 ]
[ 168,  1,  0,  0 ]
[ 168,  1,  0,  0 ]
[ 168,  0,  0,  1 ]
[ 168,  1,  0,  0 ]
[ 168,  1,  0,  0 ]
[ 168,  1,  0,  0 ]
[ 168,  1,  0,  0 ]
[ 171,  1,  1,  1 ]
[ 171,  0,  1,  0 ]
[ 171,  0,  1,  0 ]
[ 171,  0,  1,  0 ]
[ 171,  0,  1,  0 ]
[ 171,  0,  0,  1 ]
[ 171,  1,  0,  0 ]
[ 171,  1,  0,  0 ]
[ 171,  1,  0,  0 ]
[ 171,  1,  0,  0 ]
[ 171,  0,  0,  1 ]
[ 171,  1,  0,  0 ]
[ 171,  1,  0,  0 ]
[ 171,  1,  0,  0 ]
[ 171,  1,  0,  0 ]
[ 171,  0,  0,  1 ]
[ 171,  1,  0,  0 ]
[ 171,  1,  0,  0 ]
[ 171,  1,  0,  0 ]
[ 171,  1,  0,  0 ]
[ 171,  0,  0,  1 ]
[ 171,  1,  0,  0 ]
[ 171,  1,  0,  0 ]
[ 171,  1,  0,  0 ]
[ 171,  1,  0,  0 ]
[ 194,  1,  1,  1 ]
[ 194,  0,  1,  0 ]
[ 194,  0,  1,  0 ]
[ 194,  0,  1,  0 ]
[ 194,  0,  1,  0 ]
[ 194,  0,  0,  1 ]
[ 194,  0,  0,  0 ]
[ 194,  0,  0,  0 ]
[ 194,  0,  0,  0 ]
[ 194,  0,  0,  0 ]
[ 194,  0,  0,  1 ]
[ 194,  0,  0,  0 ]
[ 194,  0,  0,  0 ]
[ 194,  0,  0,  0 ]
[ 194,  0,  0,  0 ]
[ 194,  0,  0,  1 ]
[ 194,  0,  0,  0 ]
[ 194,  0,  0,  0 ]
[ 194,  1,  0,  0 ]
[ 194,  1,  0,  0 ]
[ 194,  0,  0,  1 ]
[ 194,  0,  0,  0 ]
[ 194,  0,  0,  0 ]
[ 194,  1,  0,  0 ]
[ 194,  1,  0,  0 ]
[ 195,  1,  1,  1 ]
[ 195,  0,  1,  0 ]
[ 195,  0,  1,  0 ]
[ 195,  0,  1,  0 ]
[ 195,  0,  1,  0 ]
[ 195,  0,  0,  1 ]
[ 195,  0,  0,  0 ]
[ 195,  0,  0,  0 ]
[ 195,  1,  0,  0 ]
[ 195,  1,  0,  0 ]
[ 195,  0,  0,  1 ]
[ 195,  0,  0,  0 ]
[ 195,  0,  0,  0 ]
[ 195,  1,  0,  0 ]
[ 195,  1,  0,  0 ]
[ 195,  0,  0,  1 ]
[ 195,  0,  0,  0 ]
[ 195,  0,  0,  0 ]
[ 195,  1,  0,  0 ]
[ 195,  1,  0,  0 ]
[ 195,  0,  0,  1 ]
[ 195,  0,  0,  0 ]
[ 195,  0,  0,  0 ]
[ 195,  1,  0,  0 ]
[ 195,  1,  0,  0 ]
[ 198,  1,  1,  1 ]
[ 198,  0,  1,  0 ]
[ 198,  0,  1,  0 ]
[ 198,  0,  1,  0 ]
[ 198,  0,  1,  0 ]
[ 198,  0,  0,  1 ]
[ 198,  0,  0,  0 ]
[ 198,  0,  0,  0 ]
[ 198,  0,  0,  0 ]
[ 198,  0,  0,  0 ]
[ 198,  0,  0,  1 ]
[ 198,  0,  0,  0 ]
[ 198,  0,  0,  0 ]
[ 198,  0,  0,  0 ]
[ 198,  0,  0,  0 ]
[ 198,  0,  0,  1 ]
[ 198,  0,  0,  0 ]
[ 198,  0,  0,  0 ]
[ 198,  1,  0,  0 ]
[ 198,  1,  0,  0 ]
[ 198,  0,  0,  1 ]
[ 198,  0,  0,  0 ]
[ 198,  0,  0,  0 ]
[ 198,  1,  0,  0 ]
[ 198,  1,  0,  0 ]
[ 203,  1,  1,  1 ]
[ 203,  0,  1,  0 ]
[ 203,  0,  1,  0 ]
[ 203,  0,  1,  0 ]
[ 203,  0,  1,  0 ]
[ 203,  0,  0,  1 ]
[ 203,  1,  0,  0 ]
[ 203,  1,  0,  0 ]
[ 203,  1,  0,  0 ]
[ 203,  1,  0,  0 ]
[ 203,  0,  0,  1 ]
[ 203,  1,  0,  0 ]
[ 203,  1,  0,  0 ]
[ 203,  1,  0,  0 ]
[ 203,  1,  0,  0 ]
[ 203,  0,  0,  1 ]
[ 203,  1,  0,  0 ]
[ 203,  1,  0,  0 ]
[ 203,  1,  0,  0 ]
[ 203,  1,  0,  0 ]
[ 203,  0,  0,  1 ]
[ 203,  1,  0,  0 ]
[ 203,  1,  0,  0 ]
[ 203,  1,  0,  0 ]
[ 203,  1,  0,  0 ]
[ 205,  1,  1,  1 ]
[ 205,  0,  1,  0 ]
[ 205,  0,  1,  0 ]
[ 205,  0,  1,  0 ]
[ 205,  0,  1,  0 ]
[ 205,  0,  0,  1 ]
[ 205,  0,  0,  0 ]
[ 205,  0,  0,  0 ]
[ 205,  1,  0,  0 ]
[ 205,  1,  0,  0 ]
[ 205,  0,  0,  1 ]
[ 205,  0,  0,  0 ]
[ 205,  0,  0,  0 ]
[ 205,  1,  0,  0 ]
[ 205,  1,  0,  0 ]
[ 205,  0,  0,  1 ]
[ 205,  0,  0,  0 ]
[ 205,  0,  0,  0 ]
[ 205,  1,  0,  0 ]
[ 205,  1,  0,  0 ]
[ 205,  0,  0,  1 ]
[ 205,  0,  0,  0 ]
[ 205,  0,  0,  0 ]
[ 205,  1,  0,  0 ]
[ 205,  1,  0,  0 ]
[ 207,  1,  1,  1 ]
[ 207,  0,  1,  0 ]
[ 207,  0,  1,  0 ]
[ 207,  0,  1,  0 ]
[ 207,  0,  1,  0 ]
[ 207,  0,  0,  1 ]
[ 207,  0,  0,  0 ]
[ 207,  0,  0,  0 ]
[ 207,  0,  0,  0 ]
[ 207,  0,  0,  0 ]
[ 207,  0,  0,  1 ]
[ 207,  0,  0,  0 ]
[ 207,  0,  0,  0 ]
[ 207,  0,  0,  0 ]
[ 207,  0,  0,  0 ]
[ 207,  0,  0,  1 ]
[ 207,  0,  0,  0 ]
[ 207,  0,  0,  0 ]
[ 207,  0,  0,  0 ]
[ 207,  0,  0,  0 ]
[ 207,  0,  0,  1 ]
[ 207,  0,  0,  0 ]
[ 207,  0,  0,  0 ]
[ 207,  0,  0,  0 ]
[ 207,  0,  0,  0 ]
[ 208,  1,  1,  1 ]
[ 208,  0,  1,  0 ]
[ 208,  0,  1,  0 ]
[ 208,  0,  1,  0 ]
[ 208,  0,  1,  0 ]
[ 208,  0,  0,  1 ]
[ 208,  0,  0,  0 ]
[ 208,  0,  0,  0 ]
[ 208,  0,  0,  0 ]
[ 208,  0,  0,  0 ]
[ 208,  0,  0,  1 ]
[ 208,  0,  0,  0 ]
[ 208,  0,  0,  0 ]
[ 208,  0,  0,  0 ]
[ 208,  0,  0,  0 ]
[ 208,  0,  0,  1 ]
[ 208,  0,  0,  0 ]
[ 208,  0,  0,  0 ]
[ 208,  1,  0,  0 ]
[ 208,  1,  0,  0 ]
[ 208,  0,  0,  1 ]
[ 208,  0,  0,  0 ]
[ 208,  0,  0,  0 ]
[ 208,  1,  0,  0 ]
[ 208,  1,  0,  0 ]
[ 210,  1,  1,  1 ]
[ 210,  0,  1,  0 ]
[ 210,  0,  1,  0 ]
[ 210,  0,  1,  0 ]
[ 210,  0,  1,  0 ]
[ 210,  0,  0,  1 ]
[ 210,  1,  0,  0 ]
[ 210,  1,  0,  0 ]
[ 210,  0,  0,  0 ]
[ 210,  0,  0,  0 ]
[ 210,  0,  0,  1 ]
[ 210,  1,  0,  0 ]
[ 210,  1,  0,  0 ]
[ 210,  0,  0,  0 ]
[ 210,  0,  0,  0 ]
[ 210,  0,  0,  1 ]
[ 210,  0,  0,  0 ]
[ 210,  0,  0,  0 ]
[ 210,  0,  0,  0 ]
[ 210,  0,  0,  0 ]
[ 210,  0,  0,  1 ]
[ 210,  0,  0,  0 ]
[ 210,  0,  0,  0 ]
[ 210,  0,  0,  0 ]
[ 210,  0,  0,  0 ]
[ 211,  1,  1,  1 ]
[ 211,  0,  1,  0 ]
[ 211,  0,  1,  0 ]
[ 211,  0,  1,  0 ]
[ 211,  0,  1,  0 ]
[ 211,  0,  0,  1 ]
[ 211,  0,  0,  0 ]
[ 211,  0,  0,  0 ]
[ 211,  0,  0,  0 ]
[ 211,  0,  0,  0 ]
[ 211,  0,  0,  1 ]
[ 211,  0,  0,  0 ]
[ 211,  0,  0,  0 ]
[ 211,  0,  0,  0 ]
[ 211,  0,  0,  0 ]
[ 211,  0,  0,  1 ]
[ 211,  0,  0,  0 ]
[ 211,  0,  0,  0 ]
[ 211,  0,  0,  0 ]
[ 211,  0,  0,  0 ]
[ 211,  0,  0,  1 ]
[ 211,  0,  0,  0 ]
[ 211,  0,  0,  0 ]
[ 211,  0,  0,  0 ]
[ 211,  0,  0,  0 ]
[ 213,  1,  1,  1 ]
[ 213,  0,  1,  0 ]
[ 213,  0,  1,  0 ]
[ 213,  0,  1,  0 ]
[ 213,  0,  1,  0 ]
[ 213,  0,  0,  1 ]
[ 213,  0,  0,  0 ]
[ 213,  0,  0,  0 ]
[ 213,  0,  0,  0 ]
[ 213,  0,  0,  0 ]
[ 213,  0,  0,  1 ]
[ 213,  0,  0,  0 ]
[ 213,  0,  0,  0 ]
[ 213,  0,  0,  0 ]
[ 213,  0,  0,  0 ]
[ 213,  0,  0,  1 ]
[ 213,  0,  0,  0 ]
[ 213,  0,  0,  0 ]
[ 213,  0,  0,  0 ]
[ 213,  0,  0,  0 ]
[ 213,  0,  0,  1 ]
[ 213,  0,  0,  0 ]
[ 213,  0,  0,  0 ]
[ 213,  0,  0,  0 ]
[ 213,  0,  0,  0 ]
[ 218,  1,  1,  1 ]
[ 218,  0,  1,  0 ]
[ 218,  0,  1,  0 ]
[ 218,  0,  1,  0 ]
[ 218,  0,  1,  0 ]
[ 218,  0,  0,  1 ]
[ 218,  0,  0,  0 ]
[ 218,  0,  0,  0 ]
[ 218,  0,  0,  0 ]
[ 218,  0,  0,  0 ]
[ 218,  0,  0,  1 ]
[ 218,  0,  0,  0 ]
[ 218,  0,  0,  0 ]
[ 218,  0,  0,  0 ]
[ 218,  0,  0,  0 ]
[ 218,  0,  0,  1 ]
[ 218,  0,  0,  0 ]
[ 218,  0,  0,  0 ]
[ 218,  0,  0,  0 ]
[ 218,  0,  0,  0 ]
[ 218,  0,  0,  1 ]
[ 218,  0,  0,  0 ]
[ 218,  0,  0,  0 ]
[ 218,  0,  0,  0 ]
[ 218,  0,  0,  0 ]
[ 219,  1,  1,  1 ]
[ 219,  0,  1,  0 ]
[ 219,  0,  1,  0 ]
[ 219,  0,  1,  0 ]
[ 219,  0,  1,  0 ]
[ 219,  0,  0,  1 ]
[ 219,  0,  0,  0 ]
[ 219,  0,  0,  0 ]
[ 219,  0,  0,  0 ]
[ 219,  0,  0,  0 ]
[ 219,  0,  0,  1 ]
[ 219,  0,  0,  0 ]
[ 219,  0,  0,  0 ]
[ 219,  0,  0,  0 ]
[ 219,  0,  0,  0 ]
[ 219,  0,  0,  1 ]
[ 219,  0,  0,  0 ]
[ 219,  0,  0,  0 ]
[ 219,  0,  0,  0 ]
[ 219,  0,  0,  0 ]
[ 219,  0,  0,  1 ]
[ 219,  0,  0,  0 ]
[ 219,  0,  0,  0 ]
[ 219,  0,  0,  0 ]
[ 219,  0,  0,  0 ]
[ 220,  1,  1,  1 ]
[ 220,  0,  1,  0 ]
[ 220,  0,  1,  0 ]
[ 220,  0,  1,  0 ]
[ 220,  0,  1,  0 ]
[ 220,  0,  0,  1 ]
[ 220,  0,  0,  0 ]
[ 220,  0,  0,  0 ]
[ 220,  0,  0,  0 ]
[ 220,  0,  0,  0 ]
[ 220,  0,  0,  1 ]
[ 220,  0,  0,  0 ]
[ 220,  0,  0,  0 ]
[ 220,  0,  0,  0 ]
[ 220,  0,  0,  0 ]
[ 220,  0,  0,  1 ]
[ 220,  0,  0,  0 ]
[ 220,  0,  0,  0 ]
[ 220,  0,  0,  0 ]
[ 220,  0,  0,  0 ]
[ 220,  0,  0,  1 ]
[ 220,  0,  0,  0 ]
[ 220,  0,  0,  0 ]
[ 220,  0,  0,  0 ]
[ 220,  0,  0,  0 ]
[ 221,  1,  1,  1 ]
[ 221,  0,  1,  0 ]
[ 221,  0,  1,  0 ]
[ 221,  0,  1,  0 ]
[ 221,  0,  1,  0 ]
[ 221,  0,  0,  1 ]
[ 221,  0,  0,  0 ]
[ 221,  0,  0,  0 ]
[ 221,  0,  0,  0 ]
[ 221,  0,  0,  0 ]
[ 221,  0,  0,  1 ]
[ 221,  0,  0,  0 ]
[ 221,  0,  0,  0 ]
[ 221,  0,  0,  0 ]
[ 221,  0,  0,  0 ]
[ 221,  0,  0,  1 ]
[ 221,  1,  0,  0 ]
[ 221,  1,  0,  0 ]
[ 221,  1,  0,  0 ]
[ 221,  1,  0,  0 ]
[ 221,  0,  0,  1 ]
[ 221,  1,  0,  0 ]
[ 221,  1,  0,  0 ]
[ 221,  1,  0,  0 ]
[ 221,  1,  0,  0 ]
[ 223,  1,  1,  1 ]
[ 223,  0,  1,  0 ]
[ 223,  0,  1,  0 ]
[ 223,  0,  1,  0 ]
[ 223,  0,  1,  0 ]
[ 223,  0,  0,  1 ]
[ 223,  0,  0,  0 ]
[ 223,  0,  0,  0 ]
[ 223,  1,  0,  0 ]
[ 223,  1,  0,  0 ]
[ 223,  0,  0,  1 ]
[ 223,  0,  0,  0 ]
[ 223,  0,  0,  0 ]
[ 223,  1,  0,  0 ]
[ 223,  1,  0,  0 ]
[ 223,  0,  0,  1 ]
[ 223,  0,  0,  0 ]
[ 223,  0,  0,  0 ]
[ 223,  1,  0,  0 ]
[ 223,  1,  0,  0 ]
[ 223,  0,  0,  1 ]
[ 223,  0,  0,  0 ]
[ 223,  0,  0,  0 ]
[ 223,  1,  0,  0 ]
[ 223,  1,  0,  0 ]
[ 226,  1,  1,  1 ]
[ 226,  0,  1,  0 ]
[ 226,  0,  1,  0 ]
[ 226,  0,  1,  0 ]
[ 226,  0,  1,  0 ]
[ 226,  0,  0,  1 ]
[ 226,  0,  0,  0 ]
[ 226,  0,  0,  0 ]
[ 226,  0,  0,  0 ]
[ 226,  0,  0,  0 ]
[ 226,  0,  0,  1 ]
[ 226,  0,  0,  0 ]
[ 226,  0,  0,  0 ]
[ 226,  0,  0,  0 ]
[ 226,  0,  0,  0 ]
[ 226,  0,  0,  1 ]
[ 226,  0,  0,  0 ]
[ 226,  0,  0,  0 ]
[ 226,  1,  0,  0 ]
[ 226,  1,  0,  0 ]
[ 226,  0,  0,  1 ]
[ 226,  0,  0,  0 ]
[ 226,  0,  0,  0 ]
[ 226,  1,  0,  0 ]
[ 226,  1,  0,  0 ]
[ 228,  1,  1,  1 ]
[ 228,  0,  1,  0 ]
[ 228,  0,  1,  0 ]
[ 228,  0,  1,  0 ]
[ 228,  0,  1,  0 ]
[ 228,  0,  0,  1 ]
[ 228,  0,  0,  0 ]
[ 228,  0,  0,  0 ]
[ 228,  0,  0,  0 ]
[ 228,  0,  0,  0 ]
[ 228,  0,  0,  1 ]
[ 228,  0,  0,  0 ]
[ 228,  0,  0,  0 ]
[ 228,  0,  0,  0 ]
[ 228,  0,  0,  0 ]
[ 228,  0,  0,  1 ]
[ 228,  0,  0,  0 ]
[ 228,  0,  0,  0 ]
[ 228,  0,  0,  0 ]
[ 228,  0,  0,  0 ]
[ 228,  0,  0,  1 ]
[ 228,  0,  0,  0 ]
[ 228,  0,  0,  0 ]
[ 228,  0,  0,  0 ]
[ 228,  0,  0,  0 ]
[ 233,  1,  1,  1 ]
[ 233,  0,  1,  0 ]
[ 233,  0,  1,  0 ]
[ 233,  0,  1,  0 ]
[ 233,  0,  1,  0 ]
[ 233,  0,  0,  1 ]
[ 233,  0,  0,  0 ]
[ 233,  0,  0,  0 ]
[ 233,  0,  0,  0 ]
[ 233,  0,  0,  0 ]
[ 233,  0,  0,  1 ]
[ 233,  0,  0,  0 ]
[ 233,  0,  0,  0 ]
[ 233,  0,  0,  0 ]
[ 233,  0,  0,  0 ]
[ 233,  0,  0,  1 ]
[ 233,  0,  0,  0 ]
[ 233,  0,  0,  0 ]
[ 233,  0,  0,  0 ]
[ 233,  0,  0,  0 ]
[ 233,  0,  0,  1 ]
[ 233,  0,  0,  0 ]
[ 233,  0,  0,  0 ]
[ 233,  0,  0,  0 ]
[ 233,  0,  0,  0 ]
[ 234,  1,  1,  1 ]
[ 234,  0,  1,  0 ]
[ 234,  0,  1,  0 ]
[ 234,  0,  1,  0 ]
[ 234,  0,  1,  0 ]
[ 234,  0,  0,  1 ]
[ 234,  0,  0,  0 ]
[ 234,  0,  0,  0 ]
[ 234,  0,  0,  0 ]
[ 234,  0,  0,  0 ]
[ 234,  0,  0,  1 ]
[ 234,  0,  0,  0 ]
[ 234,  0,  0,  0 ]
[ 234,  0,  0,  0 ]
[ 234,  0,  0,  0 ]
[ 234,  0,  0,  1 ]
[ 234,  0,  0,  0 ]
[ 234,  0,  0,  0 ]
[ 234,  0,  0,  0 ]
[ 234,  0,  0,  0 ]
[ 234,  0,  0,  1 ]
[ 234,  0,  0,  0 ]
[ 234,  0,  0,  0 ]
[ 234,  0,  0,  0 ]
[ 234,  0,  0,  0 ]
[ 235,  1,  1,  1 ]
[ 235,  0,  1,  0 ]
[ 235,  0,  1,  0 ]
[ 235,  0,  1,  0 ]
[ 235,  0,  1,  0 ]
[ 235,  0,  0,  1 ]
[ 235,  0,  0,  0 ]
[ 235,  0,  0,  0 ]
[ 235,  0,  0,  0 ]
[ 235,  0,  0,  0 ]
[ 235,  0,  0,  1 ]
[ 235,  0,  0,  0 ]
[ 235,  0,  0,  0 ]
[ 235,  0,  0,  0 ]
[ 235,  0,  0,  0 ]
[ 235,  0,  0,  1 ]
[ 235,  0,  0,  0 ]
[ 235,  0,  0,  0 ]
[ 235,  0,  0,  0 ]
[ 235,  0,  0,  0 ]
[ 235,  0,  0,  1 ]
[ 235,  0,  0,  0 ]
[ 235,  0,  0,  0 ]
[ 235,  0,  0,  0 ]
[ 235,  0,  0,  0 ]