8
9
152
155
158
160
171
173
179
181
182
184
1629
1632
1634
1639
1650
1653
1657
1663
1680
1681
1692
1698
1699
1746
1749
1763
1764
1767
1769
1774
1775
1796
1807
1810
1811
1814
1815
1821
1824
1826
1830
1832
1834
1835
1840
1844
1858
1860
1876
1877
1882
1889
1899
1911
1920
1929
1930
1933
1939
1940
1941
1945
1946
1947
1948
1949
1950
1951
1952
1953
1955
1956
3455
3457
3461
3462
3490
3493
3494
3497
3498
3501
3643
3645
3647
3648
3661
3664
3666
3667
3862
3864
3865
3867
3892
3893
3895
3897
3985
4015
4026
4029
4030
4034
4036
4038
4039
4040
4041
4042
4043
4044
4049
4052
4053
4056
4061
4064
4065
4072
4080
4081
4086
4088
4089
4090
4091
4607
4654
4684
4694
4696
5603
5608
5701
5705
5707
14569
14571
14576
14577
14581
14582
14583
14584
14585
14586
14587
14589
14590
14592
14594
14596
14597
14598
14599
14600
14601
14602
14603
14604
14605
14607
14608
14609
16386
16387
16460
16461
16462
16575
16576
16584
16585
