368
370
372
373
374
375
403
405
407
409
429
431
432
433
521
523
524
525
534
535
5021
5026
5027
5028
5048
5049
5050
5054
5059
5062
5067
5070
5083
5085
5089
5091
5095
5097
5098
5100
5139
5141
5145
5147
5151
5153
5154
5156
5291
5292
5295
5297
5298
5300
5305
5306
5309
5310
5312
5317
5318
5321
5324
5329
5333
5336
5341
5397
5399
5405
5409
5411
5414
5417
5419
5420
5423
5446
5464
5466
5472
5476
5484
5487
5496
5499
5500
5506
5508
5991
5992
5996
5997
6001
6002
6004
6005
6007
6009
6010
6012
6013
6016
6017
6020
6215
6219
6221
6222
6223
6225
6227
6229
6284
6287
6289
6290
6292
6293
6296
6298
6299
6303
6305
6306
6311
6312
6314
6315
6316
6317
6320
6321
6419
6422
6424
6425
6427
6428
6592
6594
6595
6596
6598
6599
6600
6601
6602
6604
6628
6629
6631
6633
6634
6635
6636
6637
6640
6641
6642
6643
6645
6646
6647
6648
6649
6650
6651
6664
6665
6666
6668
6669
6670
6671
6672
6673
6675
6676
6678
6679
6681
6682
6684
6686
6688
6689
6690
6691
6692
6696
6698
6700
6701
6702
6704
6706
6707
6708
6709
6716
6717
6719
6720
6721
