20037
20040
20046
20047
20050
20051
20054
20055
20061
20064
20065
20068
20165
20170
20172
20174
20177
20179
20181
20183
20186
20190
20192
20193
20197
20204
20206
20207
20210
20211
20215
20218
20221
20224
20225
20228
20261
20264
20266
20267
20397
20402
20406
20409
20413
20418
20422
20425
20461
20468
20470
20475
20479
20482
20488
20489
20525
20532
20535
20538
20543
20546
20549
20556
20765
20766
20769
20773
20779
20780
20784
20786
20903
20904
20907
20909
20910
20916
20917
20964
20988
20989
20992
20996
20997
21004
21089
21091
21092
21094
21101
21102
21104
21109
21111
21112
21114
21115
21118
21121
21124
21127
21131
21133
21137
21138
21140
21142
21146
21147
21149
21150
21152
21153
21155
21156
21157
21158
21159
21160
21163
21166
21169
21172
21192
21195
21200
21202
21206
21208
21212
21214
21215
21217
21218
21220
21221
21222
21223
21224
21225
21226
21228
21231
21232
21234
21237
21238
21242
21244
21248
21251
21270
21274
21276
21278
21282
21284
21285
21287
21291
21293
21294
21296
21300
21302
21303
21304
21306
21309
21312
21314
21316
21318
21321
21324
21326
21328
21329
21332
21333
21338
21339
21343
21344
21346
21350
21351
21353
21354
21356
21358
21362
21364
21368
21369
21370
21372
21373
21374
21380
21381
21384
21385
21388
21389
21390
21396
21397
21400
21401
21404
21405
21409
21412
21414
21417
21418
21420
21421
21423
21425
21427
21428
21429
21430
21433
21434
21435
21438
21439
21440
21441
21442
21443
21444
21445
21447
21449
21450
21451
21454
21455
21456
21458
21459
21460
21462
21463
21466
21468
21469
21470
21471
21472
21474
21475
21476
21477
21478
21479
21480
21481
21482
21502
21503
21509
21511
21516
21519
21523
21526
21527
21532
21536
21537
21542
21547
21548
21553
21554
21559
21560
21561
21567
21568
21570
21571
21590
21592
21593
21596
21599
21601
21602
21605
21607
21608
21610
21611
21711
21714
21715
21716
21717
21718
21721
21738
21740
21741
21743
21848
21851
21853
21857
21860
21863
21865
21866
21868
21872
21877
21878
21881
21882
21887
21888
21891
21894
21896
21899
21901
21905
21906
21908
21912
21913
21915
21917
21950
21951
21958
21959
21966
21967
21974
21975
22046
22047
22054
22055
22062
22063
22070
22071
22129
22130
22207
22208
22245
22246
22339
22340
22347
22348
22351
22355
22356
22359
22360
22361
22362
22383
22384
22387
22393
22396
22397
22403
22404
22411
22412
22419
22420
22427
22428
22435
22436
22443
22444
22451
22452
22459
22460
22468
22472
22474
22478
22480
22482
22485
22507
22508
22511
22517
22520
22521
22527
22531
22533
22537
22539
22541
22545
22567
22569
22575
22577
22581
22582
22585
22586
22589
22591
22592
22595
22597
22598
22603
22605
22606
22635
22637
22641
22642
22644
22645
22650
22652
22653
22654
22657
22658
22687
22691
22693
22695
22696
22700
22702
22704
22705
22707
22711
22713
22717
22720
22723
22725
22726
22728
22745
22747
22751
22753
22757
22760
22763
22766
22769
22770
22775
22777
22779
22781
22784
22785
22788
22789
22791
22793
22794
22796
22797
22798
22799
22800
22807
22809
22813
22814
22833
22835
22836
22838
22877
22879
22981
22982
22989
22990
22997
22998
23005
23006
23013
23015
23019
23020
23022
23023
23028
23030
23031
23032
23033
23080
23082
23086
23087
23092
23093
23094
23100
23101
23108
23109
23112
23116
23117
23212
23214
23216
23218
23220
23222
23224
23226
23228
23230
23231
23233
23235
23239
23240
23241
23243
23245
23248
23249
23250
23291
23295
23297
23299
23303
23304
23307
23311
23315
23317
23321
23323
23324
23329
23371
23372
23373
23375
23376
23377
23387
23388
23389
23391
23392
23393
23403
23404
23405
23406
23407
23408
23409
23410
23411
23412
23413
23414
23415
23416
23417
23419
23420
23421
23422
23423
23426
23427
23429
23430
23432
23433
23435
23436
23437
23438
23441
23443
23445
23446
23447
23450
23451
23452
23453
23454
23455
23456
23457
23458
23459
23460
23461
23462
23464
23465
23467
23468
23469
23470
23471
23472
23473
23474
23476
23477
23478
23480
23484
23486
23487
23488
23490
23494
23498
23501
23503
23504
23507
23508
23510
23513
23514
23519
23520
23523
23524
23526
23528
23529
23530
23532
23535
23541
23542
23549
23550
23556
23559
23564
23566
23568
23570
23574
23578
23580
23582
23584
23586
23590
23594
23596
23597
23598
23599
23600
23601
23602
23603
23636
23638
23648
23650
23652
23654
23664
23666
23668
23669
23670
23671
23676
23679
23683
23686
23689
23690
23693
23694
23697
23700
23704
23707
23708
23710
23712
23713
23714
23715
23718
23720
23721
23722
23723
23724
23725
23726
23727
23728
23730
23733
23734
23736
23738
23740
23741
23742
23743
23744
23745
23746
23747
23820
23821
23822
23824
23826
23827
23830
23831
23832
23834
23836
23838
23840
23841
23842
23843
23844
23846
23847
23848
23849
23850
23854
23857
23858
23861
23862
23865
23866
23870
23873
23874
23877
23878
23881
23882
23883
23893
23894
23896
23897
23898
23900
23909
23910
23911
23913
23914
23915
23917
23918
23959
23960
23962
23967
23968
23969
23970
23975
23976
23978
23983
23984
23985
23986
23991
23992
23995
23996
24001
24005
24007
24008
24011
24012
24017
24021
24023
24024
24025
24026
24027
24028
24029
24030
24031
24032
24034
24035
24038
24039
24041
24043
24045
24046
24047
24048
24049
24050
24051
24052
24123
24125
24128
24130
24135
24137
24143
24145
24147
24149
24152
24154
24155
24158
24160
24161
24163
24167
24171
24173
24179
24182
24183
24184
24185
24187
24191
24192
24193
24194
24197
24198
24199
24202
24203
24204
24205
24206
24207
24208
24209
24213
24216
24220
24222
24225
24255
24256
24257
24258
24357
24364
24366
24371
24374
24379
24381
24388
24389
24390
24391
24392
24393
24394
24395
24396
24493
24498
24502
24505
24510
24513
24517
24522
24525
24530
24532
24536
24539
24544
24609
24616
24618
24620
24621
24623
24626
24628
24629
24631
24633
24640
24693
24694
24702
24703
24711
24712
24777
24778
24789
24790
24793
24794
24805
24806
24809
24810
24821
24822
24823
24824
24825
24826
24837
24838
24839
24840
24873
24874
24876
24885
24887
24888
24889
24890
24892
24901
24903
24904
24905
24908
24917
24920
24921
24924
24933
24936
25021
25026
25031
25036
25037
25042
25047
25052
25085
25086
25094
25095
25103
25104
25137
25138
25142
25147
25148
25151
25152
25153
25154
25158
25163
25164
25167
25168
25401
25406
25412
25415
25418
25421
25427
25432
25499
25504
25508
25511
25512
25516
25519
25520
25525
25529
25533
25534
25571
25572
25574
25580
25581
25582
25587
25588
25589
25595
25597
25598
25623
25627
25630
25634
25637
25641
25643
25646
25647
25649
25650
25652
25653
25656
25673
25674
25677
25678
25681
25682
25687
25690
25693
25694
25701
25702
25705
25709
25710
25733
25734
25738
25739
25740
25744
25771
25772
25777
25779
25781
25784
25785
25787
25789
25792
25833
25834
25839
25842
25845
25846
25853
25855
25859
25860
25863
25864
25865
25869
25870
25877
25879
25883
25885
25886
25888
25892
25894
25895
25896
25899
25900
25905
25908
25911
25914
25916
25917
25919
25920
25923
25925
25926
25971
25972
25973
25977
25979
25981
25987
25988
25989
25999
26003
26005
26009
26011
26013
26035
26037
26038
26039
26053
26055
26061
26063
26098
26100
26104
26107
26110
26113
26115
26118
26135
26139
26141
26143
26146
26148
26150
26152
26154
26156
26157
26158
26160
26162
26164
26165
26167
26168
26169
26215
26216
26218
26220
26222
26223
26226
26228
26229
26241
26244
26247
26250
26276
26278
26279
26281
26282
26283
26284
26348
26350
26351
26353
26354
26355
26356
26357
26358
26359
26360
26361
26362
26363
26365
26366
26367
26413
26414
26415
26416
26417
26418
26419
26421
26422
26424
26425
26426
26427
26428
26429
26430
26431
26433
26434
26435
26436
26437
26438
26439
26440
26441
26442
26443
26444
26445
26484
26485
26486
26488
26489
26490
26491
26492
26493
26494
26495
26496
26497
26498
26499
26500
26501
26502
26503
26504
26505
26506
26507
26508
26509
26510
26511
26512
26513
26514
26515
26516
26517
26519
26520
26522
26524
26525
26526
26527
26530
26531
26533
26534
26535
26536
26537
26538
26539
26541
26542
26543
26544
26545
26546
26547
26548
26549
26550
26552
26553
26554
26555
26556
26557
26558
26559
26560
26561
26562
26563
26564
26565
26566
26567
26568
26569
26570
26571
26573
26574
26575
26577
26578
26579
26580
26581
26583
26584
26585
26586
26587
26588
26590
26591
26592
26593
26594
26595
26596
26600
26601
26603
26604
26605
26607
26608
26609
26610
26611
26612
26613
26615
26617
26619
26620
26621
26622
26624
26626
26627
26628
26630
26631
26633
26634
26635
26636
26637
26639
26640
26641
26642
26643
26644
26645
26646
26648
26649
26650
26651
26652
26653
26654
26655
26656
26657
26658
26659
26660
26662
26663
26664
26665
26666
26667
26668
26670
26671
26672
26673
26675
26676
26677
26678
26680
26681
26682
26683
26685
26686
26687
26688
26689
26690
26691
26692
26693
26694
26695
26696
26707
26709
26710
26711
26712
26713
26714
26716
26717
26718
26719
26720
26721
26722
26724
26725
26726
26727
26728
26730
26731
26732
26733
26734
26736
26737
26738
26739
26740
26741
26743
26744
26745
26746
26747
26748
26750
26751
26752
26753
26754
26755
26756
26757
26758
26759
26760
26761
26762
26763
26764
26765
26766
26767
26768
26772
26773
26774
26775
26778
26779
26780
26781
26783
26784
26785
26786
26787
26788
26790
26791
26792
26793
26794
26796
26797
26798
26799
26800
26802
26803
26804
26805
26806
26807
26808
26809
26810
26811
26812
26813
26814
26815
26816
26817
26818
26819
26820
26821
26822
26823
26824
26825
26827
26828
26829
26830
26831
26832
26833
26834
26835
26836
26837
26838
26839
26841
26842
26843
26844
26845
26846
26847
26848
26849
26850
26851
26852
26854
26855
26856
26857
26858
26859
26860
26861
26862
26863
26864
26865
26866
26867
26868
26870
26871
26872
26873
26874
26875
26876
26878
26880
26881
26882
26884
26886
26887
26888
26889
26891
26892
26894
26895
26896
26898
26899
26900
26901
26902
26903
26905
26906
26907
26908
26909
26910
26911
26912
26913
26914
26916
26917
26918
26919
26920
26921
26922
26925
26926
26927
26929
26930
26932
26933
26934
26935
26937
26938
26939
26940
26941
26942
26943
26944
26948
26949
26951
26952
26953
26954
26955
26956
26957
