26418
26421
26424
26425
26426
26428
26430
26433
26434
26435
26436
26437
26438
26439
26441
26442
26443
26445
26484
26488
26490
26491
26493
26494
26496
26498
26500
26501
26502
26504
26505
26507
26508
26510
26512
26513
26514
26515
26547
26549
26553
26554
26556
26558
26559
26560
26563
26564
26565
26566
26568
26569
26570
26571
26574
26575
26578
26579
26581
26584
26585
26586
26588
26591
26592
26634
26636
26639
26640
26643
26645
26648
26649
26652
26653
26656
26658
26659
26662
26664
26665
26666
26683
26686
26687
26688
26690
26691
26693
26694
26695
26696
26707
26709
26711
26713
26714
26716
26718
26720
26722
26724
26726
26728
26731
26732
26734
26737
26738
26739
26743
26744
26745
26747
26751
26752
26753
26754
26757
26759
26760
26761
26764
26765
26785
26787
26790
26791
26793
26796
26797
26799
26802
26803
26804
26805
26807
26808
26809
26811
26812
26813
26814
26815
26817
26819
26820
26822
26823
26824
26825
26827
26828
26829
26830
26831
26832
26833
26834
26835
26838
26842
26844
26846
26847
26848
26849
26850
26859
26860
26862
26863
26866
26867
26871
26873
26875
26880
26882
26886
26888
26895
26896
26899
26901
26902
26907
26908
26911
26914
26917
26919
26921
26925
26930
26932
26934
26935
26937
26938
26940
26942
26943
26944
26948
26949
26951
26952
26953
26954
26955
26956
26957
