717
720
725
3028
3060
3110
3126
3158
3174
3200
3210
3242
3286
5291
5295
5297
5298
5300
5305
5306
5321
5324
5329
5405
5411
5414
5472
5496
5500
5506
6652
6656
6660
11450
11462
11480
11484
11503
11513
11524
11538
11540
11554
11596
11600
11602
11616
11622
11658
11660
11670
11690
11692
11703
11762
11766
11768
11810
11812
11826
11828
11868
11888
11892
11894
11930
11932
11934
11954
11956
11971
11980
11990
11992
12002
12026
12035
12049
12051
12070
12072
12075
12107
12138
12163
12206
12243
12268
12288
12296
12329
12352
12362
12386
12398
12422
12434
12460
12472
12482
12514
12530
12558
12577
12590
12605
12607
12636
12637
12647
12649
12652
12674
12677
12695
12703
12705
12711
12719
12721
12723
12731
12732
12734
12735
12736
12738
12747
12748
12751
12752
12755
12759
12760
12764
12768
12775
12795
12796
12803
12812
12827
12828
12830
12831
12835
12838
12843
12844
12847
12851
12859
12860
12861
12862
12864
12874
12875
12878
12880
12884
12887
12891
12898
12913
12921
12922
12923
12925
12929
12930
12936
12937
12938
12943
12944
12946
12947
12948
12949
12951
12963
12965
12967
12970
12979
12995
12998
12999
13000
13002
13003
13004
13006
13010
13011
13013
13029
13031
13032
13033
13034
13035
13039
13040
13041
13042
13045
13046
13052
13055
13058
13060
13098
13106
13107
13108
13113
13114
13115
13119
13130
13134
13135
13136
13138
13139
13140
13142
13146
13147
13149
13167
13168
13171
13178
13198
13202
13214
13215
13216
13218
13219
13220
13230
13231
13232
13234
13235
13236
13238
13242
13246
13248
13250
13258
13262
13266
13274
13277
13278
13279
13280
13284
13285
13286
13290
