42
44
46
54
56
58
60
62
66
70
74
78
80
82
88
89
91
92
93
95
96
98
100
101
102
189
190
191
193
194
213
214
215
222
223
233
235
268
269
271
273
290
291
292
293
295
296
297
298
299
300
302
304
305
306
307
308
320
322
323
324
325
327
329
330
331
332
337
339
341
342
360
362
363
364
365
366
367
368
370
372
373
374
375
379
380
381
382
383
384
385
386
387
388
389
391
392
393
394
395
396
397
399
400
401
402
403
405
407
409
413
415
419
420
423
424
429
431
432
433
466
467
469
470
471
472
473
474
475
477
478
479
480
481
482
483
485
486
487
488
489
491
492
493
498
499
500
501
502
503
504
505
507
508
509
511
512
513
514
515
517
519
520
521
523
524
525
534
535
541
543
546
548
550
552
555
557
561
563
565
567
569
570
575
577
580
582
584
586
589
591
595
597
599
601
603
604
609
611
614
616
618
620
623
625
628
630
632
634
637
639
641
642
647
649
653
655
657
659
661
662
667
669
673
675
677
679
681
682
687
689
693
695
697
699
701
702
707
709
713
715
717
718
719
720
721
722
723
724
725
726
727
728
729
730
731
732
733
734
735
736
737
738
739
741
745
747
748
753
756
757
759
761
762
763
764
765
768
769
770
771
772
773
774
776
778
779
780
782
783
784
787
788
791
793
794
802
803
804
805
806
807
808
809
811
813
816
817
1141
1142
1143
1144
1146
1148
1150
1152
1154
1156
1159
1161
1163
1165
1166
1167
1168
1169
1170
1171
1172
1173
1174
1175
1176
1177
1178
1179
1180
1182
1184
1186
1188
1190
1192
1194
1196
1198
1200
1202
1204
1206
1208
1210
1213
1216
1220
1221
1222
1223
1225
1227
1229
1230
1231
1232
1233
1235
1237
1239
1283
1284
1286
1287
1289
1292
1294
1295
1297
1298
1299
1300
1301
1302
1303
1304
1306
1307
1308
1310
1312
1313
1314
1316
1318
1319
1321
1323
1326
1328
1329
1330
1331
1332
1333
1334
1335
1336
1337
1339
1340
1341
1342
1343
1344
1345
1346
1347
1348
1349
1350
1351
1352
1353
1354
1355
1357
1358
1359
1360
1361
1362
1363
1364
1365
1366
1367
1368
1369
1370
1371
1373
1375
1376
1377
1379
1380
1381
1382
1383
1384
1385
1386
1389
1390
1391
1393
1394
1395
1396
1397
1398
1399
1400
1401
1402
1403
1404
1405
1406
1407
1408
1409
1410
1411
1412
1413
1414
1416
1417
1418
1419
1420
1421
1422
1423
1424
1425
1426
1427
1428
1429
1431
1432
1434
1435
1436
1437
1438
1439
1440
1441
1443
1444
1445
1446
1447
1448
1449
1450
1451
1452
1453
1454
1455
1456
1457
1458
1459
1460
1461
1462
1463
1464
1465
1466
1467
1468
1469
1470
1471
1472
1473
1474
1475
1476
1478
1479
1480
1481
1482
1483
1484
1485
1486
1487
1488
1489
1490
1492
1493
1494
1495
1496
1497
1498
1499
1500
1501
1502
1504
1505
1506
1508
1510
1511
1512
1513
1514
1516
1517
1518
1519
1520
1521
1522
1523
1524
1525
1526
1528
1529
1530
1531
1534
1535
1545
1547
1549
1551
1553
1555
1557
1559
1561
1563
1565
1567
1570
1574
1586
1587
1588
1589
1590
1591
1592
1593
1594
1595
1596
1598
1600
1602
1604
1606
1608
1609
1610
1611
1612
1614
1616
1618
1620
1622
1624
1626
1628
1630
1632
1634
1636
1638
1640
1642
1644
1646
1648
1649
1650
1651
1652
1653
1654
1655
1656
1658
1660
1662
1664
1666
1668
1670
1672
1673
1674
1675
1676
1677
1678
1679
1720
1721
1728
1729
1730
1731
1733
1734
1742
1743
1744
1745
1746
1747
1752
1753
1754
1755
1758
1759
1760
1761
1817
1819
1821
1822
1823
1824
1825
1827
1829
1831
1833
1834
1841
1842
1846
1848
1851
1852
1855
1856
1857
1858
1859
1860
1862
1864
1867
1868
1871
1872
1875
1876
1879
1880
1881
1882
1883
1884
1885
1886
1887
1888
1890
1892
1893
1896
1898
1899
1900
1902
1903
1906
1912
1914
1916
1917
1921
1922
1925
1926
1927
1929
1930
1931
1933
1934
1935
1936
1937
1938
1939
1941
1942
1943
1945
1946
1947
1948
1949
1950
1951
1952
1953
1954
1955
1958
1959
1960
1961
1962
1963
1966
1967
1970
1971
1973
1974
1975
1976
1977
1978
1979
1980
1981
1983
1984
1985
1987
1989
1990
1991
1992
1993
1994
1999
2000
2001
2002
2011
2013
2014
2017
2018
2019
2020
2021
2023
2024
2025
2027
2029
2031
2032
2033
2034
2035
2036
2037
2039
2043
2044
2045
2046
2049
2051
2052
2054
2056
2058
2060
2061
2065
2069
2071
2072
2073
2075
2076
2077
2078
2079
2080
2081
2083
2084
2085
2087
2088
2089
2090
2091
2092
2095
2096
2099
2100
2101
2102
2105
2106
2115
2116
2123
2124
2129
2130
2131
2132
2137
2138
2139
2140
2141
2142
2143
2144
2145
2146
2147
2149
2150
2151
2152
2153
2154
2155
2156
2157
2159
2161
2162
2163
2164
2165
2166
2167
2168
2169
2170
2171
2179
2180
2185
2186
2187
2188
2189
2190
2191
2192
2193
2194
2195
2196
2197
2199
2201
2203
2204
2205
2207
2209
2211
2212
2213
2215
2216
2217
2219
2220
2221
2223
2224
2225
2226
2227
2229
2231
2233
2235
2236
2237
2241
2242
2243
2244
2245
2246
2247
2248
2249
2251
2253
2255
2256
2257
2259
2260
2261
2263
2264
2265
2266
2267
2269
2271
2273
2275
2276
2277
2281
2282
2283
2284
2285
2287
2288
2289
2291
2292
2293
2294
2295
2296
2297
2298
2299
2300
2301
2302
2303
2304
2305
2307
2308
2309
2311
2312
2313
2314
2315
2316
2317
2319
2320
2321
2322
2323
2325
2326
2327
2329
2330
2331
2332
2333
2334
2335
2336
2337
2338
2339
2340
2341
2342
2343
2346
2347
2348
2349
2350
2351
2352
2353
2354
2355
2357
2358
2359
2360
2361
2363
2364
2365
2366
2367
2368
2369
2371
2373
2375
2377
2379
2380
2381
2383
2385
2387
2388
2391
2392
2395
2396
2397
2399
2400
2401
2403
2405
2406
2407
2410
2411
2412
2413
2414
2415
2417
2419
2420
2421
2423
2424
2425
2427
2428
2429
2430
2431
2433
2435
2437
2439
2440
2441
2445
2446
2447
2448
2449
2450
2451
2452
2453
2454
2455
2456
2457
2458
2461
2462
2465
2467
2468
2469
2471
2472
2474
2476
2477
2478
2479
2480
2481
2483
2485
2486
2487
2488
2489
2490
2491
2492
2493
2495
2497
2498
2499
2500
2501
2502
2503
2504
2505
2506
2507
2509
2511
2512
2513
2514
2523
2524
2527
2528
2532
2534
2536
2538
2540
2542
2545
2546
2553
2554
2559
2560
2563
2564
2568
2570
2572
2574
2620
2621
2622
2624
2626
2627
2628
2630
2631
2635
2637
2639
2641
2642
2643
2645
2647
2648
2649
2650
2652
2654
2656
2657
2658
2660
2662
2663
2664
2666
2667
2669
2670
2671
2677
2678
2680
2681
2686
2688
2689
2692
2694
2695
2697
2698
2699
2701
2703
2704
2705
2706
2708
2710
2714
2716
2717
2720
2725
2726
2728
2729
2732
2733
2735
2736
2738
2739
2740
2742
2743
2744
2746
2748
2750
2751
2755
2756
2759
2762
2763
2765
2767
2768
2769
2771
2772
2773
2775
2778
2782
2784
2786
2787
2793
2794
2795
2797
2798
2800
2802
2804
2806
2809
2811
2812
2814
2819
2820
2824
2825
2826
2828
2829
2831
2833
2834
2836
2838
2839
2840
2842
2844
2845
2896
2897
2898
2899
2900
2901
2902
2903
2904
2905
2912
2913
2914
2915
2916
2917
2918
2920
2921
2922
2923
2924
2925
2928
2929
2930
2931
2932
2933
2934
2935
2936
2937
2938
2940
2942
2944
2945
2946
2947
2948
2950
2951
2952
2953
2956
2957
2958
2959
2960
2962
2963
2964
2965
2966
2968
2969
2970
2971
2972
2974
2975
2976
2978
2979
2980
2981
2982
2983
2984
2986
2987
2988
2989
2990
2991
2992
2994
2995
2996
2997
2998
3000
3001
3002
3003
3004
3005
3006
3008
3009
3010
3011
3012
3014
3015
3016
3017
3018
3020
3021
3022
3023
3024
3025
3026
3028
3029
3030
3031
3032
3033
3034
3035
3036
3037
3038
3040
3042
3044
3045
3046
3048
3050
3052
3053
3054
3056
3058
3060
3061
3062
3063
3064
3065
3067
3068
3070
3071
3072
3073
3074
3075
3076
3077
3078
3079
3080
3082
3084
3086
3087
3088
3089
3090
3091
3092
3093
3094
3095
3096
3098
3100
3102
3103
3104
3105
3106
3107
3108
3110
3111
3112
3113
3114
3115
3116
3118
3119
3120
3122
3123
3124
3126
3127
3128
3129
3130
3131
3132
3133
3134
3135
3136
3138
3140
3142
3143
3144
3146
3148
3150
3151
3152
3154
3156
3158
3159
3160
3161
3162
3163
3164
3166
3167
3168
3170
3171
3172
3174
3175
3176
3177
3178
3179
3180
3182
3183
3184
3186
3187
3188
3190
3191
3192
3194
3195
3196
3197
3198
3200
3201
3202
3203
3204
3205
3207
3208
3210
3211
3212
3213
3214
3215
3217
3218
3220
3221
3222
3223
3224
3225
3226
3227
3228
3229
3230
3231
3232
3236
3237
3238
3239
3240
3242
3243
3244
3245
3246
3248
3249
3250
3251
3252
3253
3256
3257
3260
3262
3263
3264
3265
3266
3267
3268
3269
3270
3271
3272
3273
3274
3276
3282
3283
3284
3286
3287
3288
3289
3290
3292
3293
3294
3297
3302
3303
3304
3305
3308
3309
3310
3311
3312
3313
3314
3315
3318
3319
3320
3322
3326
3330
3333
3336
3340
3342
3344
3346
3348
3350
3352
3354
3356
3358
3360
3362
3364
3366
3368
3370
3372
3374
3376
3377
3378
3379
3384
3385
3386
3387
3390
3391
3392
3393
3394
3395
3398
3399
3402
3403
3406
3407
3408
3409
3412
3413
3414
3415
3416
3417
3418
3422
3423
3424
3425
3426
3427
3430
3431
3434
3435
3438
3439
3440
3441
3442
3443
3446
3447
3448
3449
3450
3451
3454
3455
3456
3457
3458
3459
3462
3463
3466
3467
3470
3471
3472
3473
3474
3478
3479
3480
3482
3483
3484
3485
3486
3490
3491
3492
3494
3495
3496
3497
3500
3501
3502
3503
3506
3507
3508
3509
3512
3513
3514
3515
3518
3519
3521
3522
3528
3529
3531
3532
3533
3534
3535
3539
3540
3542
3543
3544
3546
3547
3569
3573
3577
3581
3585
3589
3593
3594
3597
3598
3601
3603
3604
3607
3609
3611
3613
3616
3619
3620
3623
3624
3627
3629
3641
3642
3643
3647
3648
3649
3653
3654
3655
3659
3660
3665
3722
3724
3725
3726
3727
3728
3729
3730
3731
3733
3734
3735
3736
3737
3738
3739
3740
3741
3742
3743
3744
3746
3747
3748
3749
3750
3751
3753
3754
3755
3756
3757
3758
3760
3761
3762
3763
3764
3765
3766
3767
3769
3770
3772
3773
3774
3775
3776
3905
3906
3907
3909
3911
3912
3913
3915
3916
3920
3921
3923
3925
3926
3927
3928
3930
3931
3932
3933
3935
3936
3937
3938
3940
3941
3942
3943
3944
3946
3947
3948
3949
3951
3953
3954
3955
3956
3957
3958
3959
3961
3962
3963
3964
3966
3967
3968
3969
3970
3971
3972
3973
3974
3975
3976
3977
3978
3979
3980
3981
3982
3983
3984
3985
3986
3987
3988
3989
3990
3991
3993
3994
3995
3996
3997
3998
3999
4000
4001
4002
4003
4004
4005
4007
4008
4009
4010
4012
4013
4014
4015
4016
4017
4018
4019
4020
4021
4022
4023
4025
4026
4028
4029
4031
4033
4035
4036
4038
4039
4040
4042
4043
4045
4047
4048
4050
4054
4055
4057
4058
4060
4061
4062
4063
4064
4065
4066
4067
4068
4069
4070
4071
4072
4073
4074
4075
4076
4080
4081
4084
4085
4086
4087
4088
4089
4090
4091
4092
4093
4094
4095
4096
4097
4098
4099
4100
4101
4102
4103
4105
4107
4108
4109
4111
4113
4114
4115
4117
4119
4120
4121
4123
4124
4126
4128
4130
4131
4132
4133
4134
4135
4136
4137
4139
4141
4142
4143
4145
4147
4148
4149
4151
4152
4154
4155
4156
4157
4158
4159
4160
4161
4162
4163
4165
4167
4168
4169
4171
4173
4174
4175
4176
4177
4400
4401
4402
4403
4407
4408
4410
4412
4413
4414
4417
4418
4419
4443
4444
4445
4446
4447
4448
4449
4450
4451
4452
4453
4454
4455
4456
4457
4458
4460
4461
4462
4464
4465
4466
4467
4468
4469
4470
4471
4472
4473
4483
4484
4486
4488
4489
4490
4504
4505
4506
4507
4508
4509
4510
4511
4512
4514
4515
4516
4518
4519
4522
4526
4530
4531
4534
4535
4538
4539
4540
4541
4542
4543
4544
4545
4546
4547
4548
4550
4551
4553
4556
4557
4558
4559
4560
4561
4562
4563
4564
4565
4566
4567
4568
4569
4570
4572
4573
4574
4576
4578
4579
4580
4582
4583
4584
4585
4594
4595
4596
4597
4598
4599
4600
4601
4602
4603
4604
4605
4606
4607
4608
4609
4610
4611
4612
4613
4614
4615
4616
4617
4626
4628
4629
4630
4632
4633
4635
4637
4638
4640
4641
4642
4644
4646
4647
4648
4650
4651
4652
4654
4655
4656
4658
4659
4661
4663
4664
4666
4667
4669
4670
4672
4673
4674
4676
4678
4679
4680
4682
4684
4685
4686
4688
4690
4691
4692
4706
4707
4708
4709
4710
4711
4712
4713
4714
4715
4716
4718
4719
4720
4722
4723
4725
4727
4728
4730
4731
4732
4734
4735
4738
4739
4742
4743
4746
4747
4750
4751
4753
4754
4755
4756
4757
4758
4759
4760
4761
4762
4764
4765
4766
4767
4768
4769
4770
4771
4772
4774
4777
4779
4780
4781
4783
4785
4786
4787
4801
4802
4803
4804
4805
4806
4807
4808
4809
4810
4811
4813
4814
4815
4817
4818
4820
4821
4824
4825
4828
4829
4832
4833
4836
4837
4839
4841
4842
4843
4845
4847
4848
4849
4850
4851
4852
4853
4854
4855
4856
4857
4858
4859
4860
4861
4862
4863
4865
4866
4867
4869
4871
4872
4874
4875
4876
4878
4879
4880
4881
4882
4883
4884
4885
4887
4890
4892
4893
4894
4896
4898
4899
4901
4902
4903
4904
4905
4906
4907
4908
4910
4911
4912
4924
4925
4926
4927
4928
4929
4932
4933
4938
4939
4940
4941
4942
4944
4945
4947
4958
4959
4960
4961
4962
4963
4966
4967
4970
4972
4973
4974
5018
5019
5020
5021
5022
5024
5026
5027
5028
5029
5030
5031
5032
5036
5037
5038
5039
5043
5044
5045
5046
5048
5049
5050
5051
5052
5054
5055
5056
5058
5059
5061
5062
5063
5065
5067
5068
5070
5071
5072
5073
5074
5075
5076
5077
5078
5079
5080
5081
5082
5083
5084
5085
5086
5088
5089
5090
5091
5092
5093
5094
5095
5096
5097
5098
5099
5100
5101
5102
5103
5104
5105
5106
5107
5108
5109
5110
5111
5112
5113
5114
5115
5116
5117
5118
5119
5120
5121
5122
5123
5124
5125
5126
5127
5128
5129
5130
5131
5132
5133
5134
5135
5136
5137
5138
5139
5140
5141
5142
5144
5145
5146
5147
5148
5150
5151
5152
5153
5154
5155
5156
5157
5158
5159
5160
5161
5162
5163
5164
5165
5166
5167
5168
5169
5170
5171
5172
5173
5174
5175
5176
5177
5178
5179
5180
5181
5182
5183
5185
5186
5187
5189
5190
5191
5192
5193
5201
5202
5204
5207
5208
5211
5212
5215
5216
5219
5220
5223
5224
5226
5227
5229
5230
5231
5243
5244
5247
5248
5251
5252
5253
5255
5256
5257
5259
5261
5262
5264
5265
5266
5267
5268
5269
5271
5272
5274
5275
5276
5278
5279
5281
5282
5283
5284
5285
5287
5288
5290
5291
5292
5293
5294
5295
5296
5297
5298
5299
5300
5301
5302
5303
5304
5305
5306
5307
5308
5309
5310
5311
5312
5313
5314
5316
5317
5318
5319
5320
5321
5322
5323
5324
5325
5326
5327
5328
5329
5330
5331
5332
5333
5334
5335
5336
5337
5340
5341
5342
5343
5345
5346
5347
5348
5349
5350
5351
5352
5353
5354
5355
5356
5357
5358
5359
5360
5361
5362
5364
5365
5366
5368
5369
5370
5371
5372
5373
5374
5375
5376
5377
5378
5379
5380
5381
5382
5383
5384
5385
5388
5389
5392
5393
5395
5397
5398
5399
5400
5401
5403
5405
5406
5407
5409
5410
5411
5412
5413
5414
5415
5416
5417
5418
5419
5420
5422
5423
5425
5426
5428
5430
5432
5433
5434
5435
5436
5437
5444
5445
5446
5447
5448
5449
5450
5451
5452
5453
5454
5455
5456
5457
5460
5461
5464
5465
5466
5467
5468
5470
5472
5473
5474
5476
5477
5478
5480
5482
5484
5486
5487
5489
5490
5492
5493
5494
5496
5498
5499
5500
5501
5506
5507
5508
5510
5511
5512
5513
5517
5552
5553
5554
5555
5556
5557
5558
5559
5560
5561
5562
5563
5565
5567
5568
5569
5583
5584
5589
5593
5594
5595
5597
5598
5599
5600
5601
5602
5603
5604
5605
5606
5607
5608
5609
5612
5613
5614
5615
5617
5619
5620
5621
5622
5623
5624
5626
5627
5629
5630
5631
5660
5662
5663
5664
5665
5666
5667
5668
5669
5670
5671
5672
5673
5674
5675
5676
5677
5678
5679
5681
5682
5683
5684
5685
5686
5687
5688
5689
5690
5691
5692
5693
5694
5695
5696
5697
5698
5699
5700
5701
5702
5703
5704
5705
5706
5707
5708
5709
5710
5711
5713
5714
5715
5716
5718
5719
5720
5721
5722
5723
5724
5725
5726
5727
5728
5729
5730
5731
5732
5733
5734
5735
5736
5737
5738
5739
5740
5741
5742
5743
5744
5745
5746
5747
5748
5749
5750
5751
5752
5753
5754
5755
5756
5758
5759
5760
5761
5762
5767
5772
5773
5774
5775
5776
5777
5778
5779
5780
5781
5783
5785
5786
5787
5788
5789
5790
5791
5793
5795
5796
5797
5798
5800
5801
5802
5803
5804
5805
5806
5808
5809
5810
5812
5813
5819
5820
5821
5822
5823
5832
5833
5834
5835
5836
5837
5838
5839
5841
5843
5844
5845
5853
5854
5857
5858
5895
5896
5897
5898
5905
5906
5907
5913
5914
5915
5917
5919
5920
5922
5923
5924
5925
5926
5927
5928
5929
5930
5931
5932
5933
5935
5936
5938
5939
5940
5941
5942
5943
5944
5945
5946
5947
5948
5949
5950
5952
5954
5955
5956
5957
5958
5959
5960
5961
5962
5963
5964
5965
5966
5967
5968
5969
5970
5971
5972
5975
5976
5977
5978
5979
5981
5982
5984
5985
5986
5987
5988
5990
5991
5992
5993
5994
5996
5997
5998
5999
6001
6002
6003
6004
6005
6006
6007
6008
6009
6010
6011
6012
6013
6014
6015
6016
6017
6018
6019
6020
6021
6022
6023
6024
6025
6026
6027
6028
6029
6030
6031
6032
6033
6034
6035
6036
6037
6038
6039
6041
6043
6044
6045
6047
6048
6049
6050
6051
6052
6053
6054
6055
6056
6057
6058
6059
6060
6061
6062
6063
6064
6065
6066
6067
6068
6069
6070
6071
6072
6073
6075
6076
6077
6078
6079
6080
6081
6082
6083
6102
6103
6104
6105
6106
6107
6109
6110
6111
6114
6116
6117
6118
6120
6122
6123
6124
6126
6127
6129
6131
6132
6133
6135
6136
6138
6169
6170
6171
6172
6173
6174
6175
6176
6177
6178
6179
6180
6181
6182
6184
6185
6186
6188
6189
6190
6191
6193
6194
6195
6196
6197
6198
6199
6200
6201
6202
6203
6204
6205
6206
6208
6209
6210
6211
6212
6213
6214
6215
6217
6218
6219
6221
6222
6223
6225
6226
6227
6228
6229
6230
6231
6232
6234
6235
6237
6238
6239
6240
6241
6272
6273
6274
6275
6276
6277
6278
6279
6280
6284
6285
6287
6288
6289
6290
6291
6292
6293
6294
6295
6296
6297
6298
6299
6300
6301
6302
6303
6304
6305
6306
6307
6308
6309
6311
6312
6313
6314
6315
6316
6317
6318
6319
6320
6321
6322
6323
6324
6325
6326
6327
6328
6329
6330
6331
6332
6333
6334
6335
6336
6337
6338
6339
6340
6341
6342
6343
6345
6347
6349
6351
6352
6353
6354
6355
6356
6357
6358
6359
6360
6361
6364
6365
6366
6367
6368
6369
6370
6371
6372
6373
6374
6375
6376
6377
6378
6380
6381
6382
6383
6384
6385
6386
6387
6388
6390
6391
6392
6393
6394
6396
6397
6398
6399
6400
6401
6402
6403
6404
6405
6406
6407
6409
6410
6411
6412
6413
6414
6415
6416
6417
6418
6419
6420
6422
6423
6424
6425
6426
6427
6428
6429
6441
6442
6443
6446
6447
6448
6449
6450
6452
6454
6456
6458
6460
6462
6464
6465
6466
6467
6469
6470
6475
6476
6477
6479
6480
6482
6483
6484
6503
6505
6506
6507
6508
6512
6513
6514
6515
6533
6535
6536
6537
6538
6539
6540
6541
6542
6543
6544
6545
6546
6547
6548
6549
6550
6551
6552
6553
6554
6555
6556
6557
6558
6559
6560
6561
6562
6563
6564
6565
6566
6568
6569
6570
6571
6572
6573
6574
6575
6577
6579
6580
6581
6582
6583
6584
6585
6586
6587
6588
6589
6590
6591
6592
6594
6595
6596
6598
6599
6600
6601
6602
6604
6623
6624
6625
6626
6627
6628
6629
6631
6633
6634
6635
6636
6637
6640
6641
6642
6643
6645
6646
6647
6648
6649
6650
6651
6652
6653
6654
6655
6656
6657
6658
6659
6660
6661
6662
6663
6664
6665
6666
6668
6669
6670
6671
6672
6673
6675
6676
6678
6679
6680
6681
6682
6684
6686
6688
6689
6690
6691
6692
6696
6698
6700
6701
6702
6704
6706
6707
6708
6709
6715
6716
6717
6719
6720
6721
6739
6743
6761
6762
6768
6785
6790
6797
6801
6809
6812
6816
6824
6828
6834
6835
6844
6848
6849
6863
6867
6871
6876
6879
6882
6883
6889
6893
6897
6914
6917
6918
6933
6936
6937
6944
6945
6947
6952
6954
6956
6961
6965
6972
6973
6975
6976
6978
6979
6984
6989
6992
6993
6995
6996
6997
6999
7000
7002
7003
7004
7011
7013
7041
7045
7048
7053
7059
7061
7072
7073
7075
7077
7111
7112
7113
7114
7117
7118
7122
7129
7130
7131
7134
7144
7146
7148
7150
7152
7153
7158
7159
7162
7164
7166
7167
7172
7173
7176
7178
7182
7184
7201
7204
7205
7232
7233
7234
7236
7237
7244
7248
7249
7250
7255
7264
7265
7267
7276
7277
7280
7286
7288
7289
7298
7302
7312
7314
7321
7322
7334
7335
7336
7337
7338
7340
7350
7351
7352
7353
7354
7356
7368
7374
7378
7384
7387
7392
7394
7395
7396
7398
7404
7405
7406
7408
7415
7417
7421
7422
7450
7463
7469
7480
7482
7483
7490
7493
7494
7495
7496
7497
7498
7500
7504
7505
7510
7511
7512
7513
7516
7517
7540
7543
7544
7545
7548
7549
7550
7566
7594
7598
7599
7600
7601
7609
7618
7622
7628
7634
7635
7636
7638
7639
7643
7644
7671
7673
7675
7677
7683
7685
7690
7692
7693
7695
7696
7698
7699
7700
7701
7702
7706
7707
7708
7709
7710
7712
7714
7716
7718
7720
7722
7724
7725
7726
7727
7728
7731
7732
7733
7734
7736
7737
7738
7739
7741
7742
7753
7754
7755
7757
7772
7773
7775
7776
7778
7779
7783
7784
7788
7789
7790
7791
7792
7794
7800
7801
7802
7813
7815
7816
7819
7837
7842
7845
7850
7860
7862
7863
7865
7866
7867
7875
7877
7882
7888
7889
7890
7892
7894
7898
7899
7901
7903
7904
7905
7907
7909
7922
7923
7924
7926
7941
7945
7951
7953
7954
7959
7961
7962
7963
7973
7976
7979
7984
8046
8047
8061
8068
8084
8089
8090
8097
8100
8101
8103
8104
8106
8107
8111
8113
8115
8117
8118
8119
8121
8124
8125
8132
8134
8136
8137
8139
8140
8144
8147
8149
8154
8158
8180
8192
8194
8196
8199
8201
8203
8204
8206
8220
8221
8222
8227
8234
8235
8236
8237
8238
8239
8240
8241
8243
8244
8245
8246
8247
8248
8249
8250
8251
8252
8254
8255
8257
8258
8260
8262
8264
8266
8268
8270
8272
8276
8277
8278
8279
8280
8281
8284
8285
8286
8287
8288
8289
8290
8291
8292
8293
8294
8296
8297
8298
8300
8301
8302
8303
8304
8305
8306
8307
8308
8311
8312
8315
8317
8319
8320
8321
8322
8323
8325
8332
8335
8345
8346
8347
8349
8350
8352
8353
8354
8356
8357
8358
8360
8361
8364
8367
8368
8371
8374
8376
8380
8381
8382
8384
8388
8389
8390
8392
8393
8394
8395
8396
8397
8400
8405
8406
8416
8419
8422
8423
8425
8427
8428
8429
8430
8433
8435
8438
8440
8441
8445
8448
8450
8451
8453
8456
8470
8471
8472
8473
8474
8475
8478
8479
8482
8483
8484
8485
8503
8504
8515
8526
8527
8531
8533
8538
8542
8543
8544
8546
8554
8555
8579
8583
8584
8587
8588
8589
8590
8592
8594
8596
8607
8608
8611
8612
8616
8617
8620
8624
8628
8632
8635
8637
8638
8639
8643
8644
8645
8646
8650
8651
8664
8665
8666
8671
8672
8673
8678
8679
8682
8686
8704
8710
8713
8733
8738
8740
8741
8752
8753
8754
8757
8759
8761
8762
8772
8780
8791
8792
8797
8808
8810
8813
8815
8859
8879
8885
8886
8890
8891
8898
8901
8916
8918
8924
8925
8926
8927
8928
8929
8931
8935
8938
8939
8943
8944
8955
8956
8959
8960
8961
8981
8989
8991
9009
9012
9024
9028
9038
9041
9051
9071
9226
9227
9228
9229
9230
9232
9233
9234
9235
9236
9237
9238
9240
9242
9243
9244
9245
9246
9247
9248
9249
9250
9251
9252
9253
9254
9259
9260
9261
9262
9263
9264
9265
9266
9267
9268
9269
9271
9285
9286
9287
9289
9296
9297
9300
9310
9311
9315
9317
9318
9323
9324
9325
9327
9328
9329
9332
9334
9336
9337
9338
9339
9340
9344
9345
9346
9347
9348
9349
9350
9351
9356
9357
9358
9359
9360
9361
9362
9363
9369
9372
9374
9375
9378
9403
9409
9415
9419
9423
9428
9442
9444
9445
9453
9472
9474
9477
9478
9479
9480
9481
9482
9485
9486
9487
9489
9490
9491
9493
9496
9503
9504
9507
9510
9511
9512
9514
9516
9517
9518
9521
9522
9525
9526
9528
9529
9532
9533
9534
9535
9536
9539
9550
9564
9566
9567
9569
9573
9576
9577
9609
9610
9624
9625
9629
9631
9632
9634
9635
9637
9638
9639
9641
9657
9658
9661
9667
9668
9669
9670
9706
9713
9741
9758
9774
9775
9776
9777
9778
9779
9784
9785
9786
9787
9788
9791
9793
9794
9796
9799
9814
9815
9816
9818
9823
9828
9833
9838
9842
9843
9855
9861
9862
9863
9864
9865
9870
9872
9905
9909
9984
9988
9992
9994
9999
10001
10003
10005
10026
10045
10046
10048
10054
10059
10060
10061
10063
10064
10065
10066
10067
10068
10069
10070
10071
10072
10073
10075
10078
10079
10080
10082
10084
10086
10092
10094
10095
10098
10100
10102
10103
10112
10113
10114
10115
10116
10117
10118
10122
10123
10124
10125
10126
10127
10128
10133
10134
10136
10152
10158
10163
10170
10173
10181
10193
10201
10208
10209
10210
10211
10232
10248
10249
10250
10291
10292
10296
10304
10305
10306
10307
10311
10312
10313
10316
10317
10318
10322
10323
10325
10326
10327
10329
10334
10335
10337
10338
10339
10340
10342
10343
10344
10345
10346
10348
10349
10350
10352
10353
10356
10357
10358
10359
10360
10362
10363
10364
10365
10366
10368
10369
10371
10372
10375
10376
10377
10378
10379
10381
10382
10383
10384
10385
10387
10388
10389
10390
10391
10392
10393
10394
10395
10396
10397
10398
10399
10400
10401
10402
10403
10404
10405
10407
10409
10410
10412
10413
10414
10415
10416
10418
10419
10420
10422
10423
10424
10426
10427
10428
10429
10430
10431
10433
10434
10435
10437
10438
10439
10441
10442
10443
10444
10445
10446
10448
10449
10450
10452
10453
10454
10456
10457
10458
10459
10460
10461
10463
10464
10465
10466
10468
10469
10470
10471
10473
10474
10475
10476
10478
10479
10480
10481
10482
10483
10484
10485
10486
10487
10488
10489
10490
10491
10492
10493
10494
10495
10496
10497
10498
10499
10500
10501
10502
10503
10505
10506
10507
10509
10510
10512
10513
10514
10515
10517
10518
10519
10520
10522
10523
10524
10525
10526
10527
10529
10530
10531
10532
10534
10535
10536
10537
10539
10540
10542
10543
10544
10545
10547
10548
10549
10550
10552
10553
10555
10556
10557
10558
10559
10561
10562
10563
10564
10565
10567
10568
10569
10570
10571
10573
10574
10575
10576
10577
10578
10579
10580
10581
10582
10583
10584
10585
10586
10587
10588
10589
10590
10591
10592
10593
10594
10596
10597
10598
10599
10600
10601
10602
10603
10604
10605
10606
10607
10609
10611
10612
10614
10615
10617
10618
10619
10621
10622
10623
10625
10626
10627
10628
10629
10630
10631
10632
10634
10635
10636
10638
10639
10641
10642
10644
10645
10646
10647
10649
10650
10651
10653
10654
10655
10656
10657
10658
10659
10660
10661
10662
10663
10664
10665
10666
10667
10668
10669
10671
10674
10676
10677
10679
10680
10685
10687
10689
10690
10692
10693
10695
10696
10697
10698
10699
10700
10701
10702
10703
10704
10706
10707
10711
10713
10714
10716
10717
10719
10720
10721
10726
10728
10729
10730
10732
10733
10734
10735
10736
10737
10738
10739
10740
10741
10742
10743
10744
10745
10746
10747
10748
10749
10750
10751
10752
10753
10754
10755
10756
10757
10758
10764
10765
10774
10775
10787
10788
10800
10801
10802
10803
10804
10805
10806
10807
10808
10809
10810
10811
10812
10813
10814
10815
10816
10817
10818
10819
10821
10822
10824
10825
10826
10827
10828
10829
10830
10831
10833
10834
10835
10836
10837
10839
10840
10842
10843
10844
10845
10846
10847
10848
10849
10850
10851
10852
10853
10854
10855
10857
10858
10859
10860
10862
10863
10865
10866
10867
10868
10869
10870
10871
10872
10874
10875
10876
10877
10878
10880
10881
10883
10884
10885
10886
10887
10888
10889
10890
10891
10892
10893
10894
10895
10896
10897
10898
10899
10900
10902
10903
10904
10905
10906
10908
10909
10911
10912
10913
10914
10915
10916
10917
10918
10919
10920
10921
10922
10923
10924
10925
10926
10927
10928
10930
10931
10932
10933
10935
10936
10938
10939
10940
10941
10942
10943
10944
10945
10946
10947
10949
10950
10951
10952
10954
10955
10957
10958
10959
10960
10961
10962
10963
10964
10965
10966
10968
10969
10970
10971
10972
10973
10975
10976
10977
10978
10980
10981
10982
10983
10984
10985
10986
10987
10988
10989
10990
10991
10992
10993
10994
10995
10996
10997
10998
10999
11000
11001
11002
11003
11004
11005
11006
11007
11009
11010
11011
11012
11013
11015
11016
11017
11019
11020
11021
11022
11023
11024
11025
11026
11027
11028
11029
11030
11031
11032
11033
11035
11036
11037
11039
11040
11041
11042
11043
11045
11046
11047
11049
11050
11051
11052
11053
11054
11055
11056
11057
11058
11059
11060
11061
11063
11064
11065
11067
11068
11069
11070
11071
11072
11074
11075
11076
11077
11078
11081
11082
11083
11084
11085
11086
11088
11089
11090
11091
11092
11095
11096
11097
11098
11099
11100
11102
11103
11104
11105
11106
11107
11108
11109
11110
11111
11112
11113
11115
11116
11117
11118
11119
11120
11121
11122
11123
11125
11126
11127
11128
11129
11130
11132
11133
11134
11135
11136
11137
11138
11139
11140
11141
11142
11143
11144
11145
11146
11147
11148
11149
11150
11151
11152
11153
11154
11155
11156
11157
11158
11159
11160
11161
11162
11163
11164
11166
11167
11168
11169
11170
11171
11172
11173
11174
11175
11176
11177
11178
11179
11180
11181
11182
11183
11184
11185
11186
11187
11188
11189
11190
11191
11192
11193
11194
11195
11196
11198
11199
11200
11201
11202
11203
11204
11205
11206
11207
11208
11209
11210
11211
11212
11213
11214
11215
11216
11217
11218
11219
11220
11221
11222
11223
11224
11225
11226
11227
11228
11229
11230
11231
11232
11233
11234
11235
11236
11237
11238
11239
11240
11241
11242
11243
11244
11245
11246
11247
11248
11249
11250
11251
11252
11253
11254
11255
11256
11257
11258
11259
11260
11261
11262
11264
11265
11266
11267
11268
11269
11270
11272
11273
11274
11275
11276
11277
11278
11280
11281
11282
11283
11284
11285
11288
11289
11290
11291
11292
11293
11294
11296
11297
11298
11299
11300
11301
11302
11304
11305
11306
11307
11308
11309
11310
11311
11312
11313
11314
11315
11317
11318
11319
11320
11321
11322
11323
11324
11325
11326
11327
11328
11329
11330
11331
11332
11333
11334
11335
11336
11337
11338
11339
11340
11341
11342
11343
11344
11345
11346
11347
11348
11349
11351
11352
11353
11354
11355
11356
11357
11358
11359
11360
11361
11362
11363
11364
11365
11366
11367
11368
11369
11370
11371
11372
11373
11374
11375
11376
11377
11378
11379
11381
11382
11383
11384
11385
11388
11389
11390
11391
11392
11393
11394
11395
11396
11397
11398
11399
11400
11401
11402
11403
11404
11405
11406
11407
11408
11409
11410
11411
11412
11413
11414
11415
11416
11417
11418
11419
11420
11421
11422
11423
11424
11425
11426
11427
11428
11429
11430
11431
11432
11433
11434
11435
11436
11437
11438
11439
11440
11441
11442
11443
11444
11445
11446
11447
11448
11449
11450
11451
11452
11453
11454
11455
11456
11457
11458
11459
11460
11461
11462
11463
11464
11465
11466
11468
11469
11470
11471
11472
11473
11474
11477
11478
11479
11480
11481
11482
11484
11485
11486
11487
11488
11490
11491
11492
11493
11494
11495
11496
11497
11498
11499
11500
11501
11502
11503
11504
11505
11506
11507
11508
11509
11510
11511
11512
11513
11514
11515
11516
11518
11519
11520
11521
11522
11523
11524
11525
11526
11528
11529
11530
11531
11532
11533
11534
11535
11536
11537
11538
11539
11540
11541
11542
11543
11544
11545
11546
11547
11548
11549
11550
11551
11552
11553
11554
11555
11556
11557
11558
11559
11560
11561
11562
11563
11564
11565
11566
11567
11568
11569
11570
11571
11572
11573
11574
11575
11576
11577
11578
11579
11580
11581
11582
11583
11584
11585
11586
11587
11588
11590
11591
11592
11593
11594
11595
11596
11597
11598
11599
11600
11601
11602
11603
11604
11605
11606
11607
11608
11609
11610
11611
11612
11613
11614
11615
11616
11617
11618
11619
11620
11621
11622
11623
11624
11625
11626
11627
11628
11629
11630
11631
11632
11633
11634
11635
11636
11637
11638
11639
11640
11641
11642
11643
11644
11645
11646
11647
11648
11649
11650
11651
11652
11654
11655
11656
11657
11658
11659
11660
11661
11662
11663
11664
11665
11666
11667
11668
11669
11670
11671
11672
11673
11674
11675
11676
11677
11678
11680
11681
11682
11683
11684
11685
11686
11687
11688
11689
11690
11691
11692
11693
11694
11695
11696
11697
11698
11699
11700
11701
11702
11703
11704
11705
11706
11707
11709
11710
11711
11712
11714
11715
11716
11717
11718
11719
11720
11721
11722
11723
11724
11725
11726
11727
11728
11729
11730
11731
11732
11733
11734
11735
11736
11738
11739
11740
11741
11742
11743
11744
11746
11747
11748
11749
11750
11751
11752
11753
11754
11756
11757
11758
11759
11760
11761
11762
11763
11764
11765
11766
11767
11768
11769
11770
11771
11772
11773
11774
11775
11776
11777
11778
11779
11780
11781
11782
11783
11784
11785
11786
11787
11788
11789
11790
11791
11792
11793
11794
11795
11796
11797
11798
11799
11800
11801
11802
11803
11804
11805
11806
11807
11808
11809
11810
11811
11812
11813
11814
11815
11816
11817
11818
11819
11820
11821
11822
11823
11824
11825
11826
11827
11828
11829
11830
11831
11832
11833
11834
11835
11836
11837
11838
11840
11841
11842
11843
11844
11845
11846
11847
11848
11849
11850
11851
11852
11853
11854
11855
11856
11857
11858
11859
11860
11861
11862
11863
11864
11865
11866
11867
11868
11869
11870
11871
11872
11873
11874
11875
11876
11877
11878
11879
11880
11881
11882
11883
11884
11885
11886
11887
11888
11889
11890
11892
11893
11894
11895
11896
11897
11898
11899
11902
11903
11904
11905
11906
11907
11908
11909
11910
11911
11912
11913
11914
11915
11916
11917
11918
11919
11920
11921
11922
11923
11924
11925
11926
11928
11929
11930
11931
11932
11933
11934
11935
11936
11937
11938
11939
11940
11941
11942
11943
11944
11945
11946
11947
11948
11949
11950
11951
11952
11953
11954
11955
11956
11957
11958
11959
11960
11961
11962
11963
11964
11966
11967
11968
11969
11970
11971
11972
11973
11974
11975
11976
11977
11978
11979
11980
11981
11982
11983
11985
11986
11987
11988
11989
11990
11991
11992
11993
11994
11995
11996
11997
11998
11999
12000
12001
12002
12003
12004
12005
12006
12007
12008
12009
12010
12011
12012
12013
12014
12015
12016
12017
12018
12019
12020
12021
12022
12023
12024
12025
12026
12027
12028
12029
12030
12031
12032
12033
12034
12035
12036
12037
12038
12039
12040
12041
12042
12044
12045
12046
12047
12048
12049
12050
12051
12052
12053
12054
12055
12056
12057
12058
12059
12061
12062
12063
12064
12065
12066
12067
12068
12069
12070
12071
12072
12073
12074
12075
12076
12077
12078
12079
12080
12081
12082
12083
12084
12085
12086
12087
12088
12090
12095
12097
12099
12100
12101
12102
12103
12104
12105
12106
12107
12108
12109
12110
12111
12112
12113
12114
12115
12116
12117
12118
12119
12120
12122
12127
12129
12131
12132
12133
12134
12135
12136
12137
12138
12139
12140
12141
12142
12143
12144
12145
12146
12147
12150
12152
12153
12154
12155
12156
12157
12158
12159
12160
12161
12162
12163
12164
12165
12166
12167
12168
12169
12170
12171
12172
12173
12174
12175
12176
12177
12178
12179
12181
12182
12188
12190
12192
12193
12194
12195
12196
12197
12198
12199
12200
12201
12202
12203
12204
12205
12206
12207
12208
12209
12210
12211
12212
12213
12214
12215
12218
12220
12221
12222
12223
12224
12225
12226
12227
12228
12229
12230
12231
12232
12233
12234
12235
12236
12237
12239
12240
12242
12243
12244
12245
12246
12247
12248
12249
12250
12251
12252
12253
12254
12255
12256
12257
12258
12259
12260
12261
12262
12264
12265
12267
12268
12269
12270
12271
12272
12273
12274
12275
12276
12277
12278
12279
12280
12281
12282
12283
12284
12285
12286
12288
12289
12290
12291
12292
12293
12294
12295
12296
12297
12298
12299
12300
12301
12302
12303
12304
12305
12306
12307
12308
12309
12310
12311
12312
12313
12314
12315
12316
12317
12319
12320
12322
12323
12325
12327
12328
12329
12330
12331
12332
12333
12334
12335
12336
12337
12338
12339
12340
12341
12342
12343
12344
12345
12346
12347
12348
12349
12350
12352
12353
12354
12355
12356
12357
12358
12359
12360
12361
12362
12363
12364
12365
12366
12367
12368
12369
12370
12371
12372
12373
12374
12376
12377
12379
12380
12382
12384
12385
12386
12387
12388
12389
12390
12391
12392
12393
12394
12395
12396
12397
12398
12399
12400
12401
12402
12403
12404
12405
12406
12407
12408
12409
12410
12412
12413
12415
12416
12418
12420
12421
12422
12423
12424
12425
12426
12427
12428
12429
12430
12431
12432
12433
12434
12435
12436
12437
12438
12439
12440
12441
12442
12443
12444
12445
12446
12448
12449
12450
12453
12455
12456
12457
12458
12459
12460
12461
12462
12463
12464
12465
12466
12467
12468
12469
12470
12471
12472
12473
12474
12475
12476
12477
12478
12479
12480
12481
12482
12483
12484
12485
12486
12487
12488
12489
12490
12491
12492
12493
12494
12495
12496
12497
12498
12500
12501
12502
12503
12505
12506
12508
12511
12512
12513
12514
12515
12516
12517
12518
12519
12520
12521
12522
12523
12524
12525
12526
12527
12528
12529
12530
12531
12532
12533
12534
12535
12536
12537
12538
12539
12540
12541
12542
12544
12545
12546
12549
12551
12552
12553
12554
12555
12556
12557
12558
12559
12560
12561
12562
12563
12564
12565
12566
12567
12568
12569
12571
12572
12573
12575
12576
12577
12579
12581
12582
12584
12585
12587
12588
12589
12590
12591
12592
12595
12596
12597
12598
12599
12600
12601
12602
12603
12604
12605
12606
12607
12611
12613
12614
12615
12616
12617
12618
12619
12620
12621
12622
12623
12625
12626
12627
12628
12630
12631
12632
12633
12634
12635
12636
12637
12638
12641
12642
12643
12645
12646
12647
12648
12649
12650
12651
12652
12653
12654
12655
12658
12659
12660
12661
12662
12663
12664
12665
12667
12668
12669
12670
12671
12672
12673
12674
12675
12676
12677
12678
12679
12680
12681
12683
12684
12685
12686
12688
12689
12690
12691
12692
12693
12694
12695
12697
12698
12699
12700
12701
12702
12703
12704
12705
12706
12707
12709
12710
12711
12713
12714
12715
12716
12717
12718
12719
12720
12721
12722
12723
12724
12725
12726
12728
12729
12730
12731
12732
12733
12734
12735
12736
12737
12738
12739
12740
12741
12742
12743
12744
12745
12746
12747
12748
12749
12750
12751
12752
12753
12754
12755
12756
12757
12758
12759
12760
12761
12762
12763
12764
12765
12766
12767
12768
12769
12770
12771
12772
12773
12774
12775
12776
12777
12778
12779
12780
12781
12782
12783
12784
12785
12786
12787
12788
12789
12790
12791
12792
12795
12796
12797
12798
12799
12800
12801
12802
12803
12804
12805
12806
12807
12808
12809
12810
12811
12812
12813
12814
12815
12816
12817
12818
12819
12820
12822
12823
12824
12825
12826
12827
12828
12829
12830
12831
12832
12833
12834
12835
12836
12837
12838
12839
12840
12841
12842
12843
12844
12845
12846
12847
12848
12849
12850
12851
12852
12853
12854
12855
12856
12857
12858
12859
12860
12861
12862
12863
12864
12865
12866
12867
12868
12869
12870
12871
12872
12873
12874
12875
12876
12877
12878
12879
12880
12881
12882
12883
12884
12885
12886
12887
12888
12889
12890
12891
12892
12893
12894
12895
12896
12897
12898
12899
12900
12901
12902
12903
12904
12905
12906
12909
12910
12911
12912
12913
12914
12915
12916
12917
12918
12919
12921
12922
12923
12924
12925
12926
12927
12928
12929
12930
12931
12932
12933
12934
12935
12936
12937
12938
12939
12940
12941
12942
12943
12944
12945
12946
12947
12948
12949
12950
12951
12952
12953
12954
12955
12956
12957
12958
12959
12960
12961
12962
12963
12964
12965
12966
12967
12968
12969
12970
12971
12972
12973
12974
12975
12976
12977
12978
12979
12980
12981
12982
12983
12987
12988
12989
12990
12991
12992
12993
12994
12995
12996
12997
12998
12999
13000
13001
13002
13003
13004
13005
13006
13007
13008
13009
13010
13011
13012
13013
13014
13015
13016
13017
13018
13019
13020
13021
13022
13023
13024
13025
13026
13027
13028
13029
13030
13031
13032
13033
13034
13035
13036
13037
13038
13039
13040
13041
13042
13043
13044
13045
13046
13047
13048
13049
13050
13051
13052
13053
13054
13055
13056
13057
13058
13059
13060
13061
13062
13063
13064
13065
13066
13067
13068
13069
13070
13071
13072
13075
13076
13077
13078
13079
13080
13081
13082
13083
13084
13085
13086
13087
13088
13089
13090
13091
13092
13093
13094
13095
13097
13098
13099
13100
13101
13102
13103
13104
13105
13106
13107
13108
13109
13110
13111
13112
13113
13114
13115
13116
13117
13118
13119
13120
13121
13122
13123
13124
13125
13126
13127
13128
13129
13130
13131
13132
13133
13134
13135
13136
13137
13138
13139
13140
13141
13142
13143
13144
13145
13146
13147
13148
13149
13150
13151
13152
13153
13154
13155
13156
13157
13158
13159
13160
13161
13162
13163
13164
13165
13166
13167
13168
13169
13170
13171
13172
13173
13174
13175
13176
13177
13178
13179
13180
13181
13182
13183
13184
13185
13186
13187
13188
13189
13190
13191
13192
13193
13194
13195
13198
13199
13200
13201
13202
13203
13204
13205
13206
13207
13208
13209
13210
13211
13212
13213
13214
13215
13216
13217
13218
13219
13220
13221
13222
13223
13224
13225
13226
13227
13228
13229
13230
13231
13232
13233
13234
13235
13236
13237
13238
13239
13240
13241
13242
13243
13244
13245
13246
13247
13248
13249
13250
13251
13252
13253
13254
13255
13256
13257
13258
13259
13260
13261
13262
13263
13264
13265
13266
13267
13268
13269
13270
13271
13272
13273
13274
13275
13276
13277
13278
13279
13280
13281
13282
13283
13284
13285
13286
13287
13288
13289
13290
13291
13292
13293
13294
13295
13296
13298
13299
13300
13311
13313
13315
13318
13323
13326
13329
13333
13335
13349
13350
13353
13358
13359
13362
13365
13366
13367
13368
13369
13371
13372
13373
13375
13376
13377
13378
13379
13380
13381
13383
13384
13386
13387
13389
13390
13391
13393
13394
13395
13396
13397
13458
13459
13460
13461
13462
13463
13464
13465
13466
13467
13468
13469
13470
13471
13472
13473
13475
13476
13478
13479
13481
13483
13484
13485
13486
13487
13488
13489
13505
13506
13507
13530
13531
13532
13533
13534
13535
13536
13537
13538
13539
13540
13541
13542
13543
13553
13555
13556
13557
13558
13559
13560
13561
13562
13563
13565
13566
13567
13568
13569
13571
13572
13573
13575
13576
13577
13578
13579
13580
13581
13582
13583
13584
13585
13586
13587
13588
13589
13590
13591
13592
13593
13594
13595
13596
13597
13598
13604
13605
13606
13607
13608
13609
13610
13612
13613
13615
13616
13617
13620
13621
13623
13624
13625
13627
13628
13629
13630
13637
13638
13639
13643
13644
13645
13646
13647
13648
13649
13650
13651
13652
13653
13654
13659
13664
13665
13670
13678
13681
13682
13683
13684
13685
13686
13688
13693
13694
13695
13696
13697
13698
13699
13700
13701
13703
13704
13706
13707
13708
13711
13712
13713
13714
13717
13718
13719
13721
13722
13723
13724
13762
13763
13813
13814
13822
13823
13824
13827
13828
13830
13831
13833
13834
13835
13836
13837
13838
13839
13840
13841
13842
13843
13844
13847
13848
13850
13851
13853
13854
13856
13857
13858
13859
13860
13861
13862
13863
13864
13865
13866
13867
13868
13869
13870
13871
13872
13873
13874
13875
13876
13877
13878
13880
13882
13883
13884
13885
13887
13888
13889
13890
13891
13892
13893
13894
13895
13896
13898
13899
13900
13901
13902
13903
13904
13905
13906
13907
13908
13909
13911
13912
13913
13914
13915
13916
13917
13918
13919
13920
13921
13922
13923
13924
13926
13927
13928
13929
13930
13931
13932
13933
13934
13935
13936
13937
13938
13939
13941
13942
13944
13945
13946
13948
13949
13950
13951
13952
13953
13954
13955
13956
13957
13958
13959
13960
13961
13962
13964
13965
13966
13967
13968
13969
13970
13971
13972
13973
13974
13975
13976
13977
13978
13979
13980
13981
13982
13983
13984
13985
13986
13987
13988
13989
13990
13991
13992
14021
14022
14023
14026
14027
14029
14031
14033
14034
14035
14037
14038
14040
14042
14043
14044
14045
14046
14047
14049
14050
14051
14053
14054
14055
14057
14058
14060
14061
14062
14064
14066
14067
14068
14070
14071
14072
14073
14074
14075
14076
14077
14078
14079
14080
14081
14082
14083
14084
14085
14086
14087
14088
14089
14090
14092
14093
14095
14096
14097
14099
14100
14101
14103
14104
14105
14106
14108
14109
14111
14112
14113
14114
14115
14160
14161
14162
14163
14164
14165
14166
14168
14169
14170
14171
14173
14174
14175
14176
14178
14179
14180
14181
14182
14183
14184
14185
14186
14187
14188
14189
14190
14192
14193
14194
14195
14196
14198
14199
14201
14202
14203
14204
14205
14206
14208
14209
14210
14211
14212
14213
14214
14215
14216
14217
14218
14219
14220
14221
14223
14224
14225
14226
14227
14228
14230
14231
14232
14233
14235
14236
14237
14238
14239
14240
14241
14242
14243
14244
14245
14246
14247
14248
14249
14250
14252
14254
14255
14257
14259
14260
14261
14263
14265
14266
14267
14268
14269
14270
14271
14272
14348
14349
14350
14351
14352
14353
14354
14355
14356
14357
14358
14359
14361
14362
14363
14365
14366
14368
14370
14371
14372
14374
14376
14377
14378
14380
14381
14383
14385
14386
14387
14389
14390
14391
14392
14393
14394
14395
14396
14397
14398
14399
14401
14402
14403
14413
14414
14415
14416
14417
14418
14419
14420
14421
14422
14423
14425
14426
14427
14428
14429
14431
14432
14433
14434
14435
14436
14437
14439
14440
14441
14442
14443
14444
14445
14446
14447
14448
14449
14450
14451
14452
14453
14454
14455
14456
14457
14458
14459
14460
14461
14462
14463
14464
14465
14466
14467
14468
14469
14470
14471
14472
14473
14474
14476
14477
14478
14479
14480
14482
14483
14484
14485
14486
14487
14488
14489
14490
14492
14493
14494
14495
14496
14498
14499
14501
14503
14504
14506
14507
14508
14510
14511
14513
14515
14516
14518
14519
14520
14521
14522
14523
14524
14525
14526
14527
14528
14529
14530
14531
14532
14533
14534
14535
14536
14537
14538
14539
14540
14541
14542
14543
14544
14545
14546
14547
14549
14551
14553
14555
14557
14559
14561
14563
14565
14567
14568
14569
14582
14583
14586
14588
14589
14592
14594
14595
14598
14599
14602
14603
14604
14605
14606
14607
14608
14609
14610
14611
14612
14613
14614
14615
14617
14618
14619
14621
14623
14624
14625
14627
14629
14630
14631
14633
14634
14635
14636
14637
14638
14655
14656
14657
14658
14659
14660
14661
14662
14664
14665
14667
14668
14669
14670
14671
14672
14674
14675
14676
14677
14678
14679
14680
14681
14682
14683
14684
14685
14713
14714
14715
14716
14717
14718
14719
14720
14721
14722
14723
14724
14725
14726
14727
14729
14730
14731
14732
14733
14735
14736
14738
14739
14741
14742
14744
14745
14746
14747
14748
14749
14750
14751
14752
14753
14754
14755
14756
14757
14758
14759
14760
14761
14762
14763
14764
14765
14766
14767
14768
14769
14770
14771
14772
14773
14775
14776
14777
14778
14780
14781
14782
14783
14784
14785
14787
14788
14789
14790
14791
14792
14822
14823
14824
14825
14826
14827
14828
14829
14830
14831
14832
14833
14834
14836
14837
14838
14840
14842
14843
14844
14846
14847
14849
14850
14851
14852
14853
14855
14856
14857
14859
14861
14862
14863
14865
14866
14868
14870
14871
14872
14874
14875
14876
14878
14880
14882
14884
14886
14911
14912
14920
14921
14922
14925
14971
14972
14973
14974
14975
14976
14977
14978
14979
14980
14981
14982
14983
14984
14985
14986
14987
14988
14989
14990
14991
14992
15003
15004
15005
15006
15007
15008
15009
15010
15011
15012
15013
15014
15015
15016
15017
15018
15020
15021
15022
15023
15024
15026
15027
15028
15030
15031
15032
15033
15034
15035
15036
15037
15038
15039
15040
15041
15042
15043
15044
15045
15046
15047
15048
15049
15050
15051
15055
15056
15057
15061
15063
15065
15066
15068
15070
15071
15072
15085
15086
15089
15091
15092
15095
15097
15098
15101
15102
15105
15106
15107
15108
15109
15110
15111
15112
15113
15114
15115
15116
15117
15118
15119
15120
15121
15122
15124
15125
15126
15127
15128
15130
15131
15132
15133
15134
15135
15136
15137
15138
15140
15141
15142
15143
15144
15145
15146
15147
15148
15149
15150
15151
15152
15153
15154
15155
15156
15159
15160
15161
15162
15165
15166
15168
15169
15170
15171
15174
15175
15176
15177
15179
15180
15181
15182
15183
15184
15185
15186
15187
15188
15189
15190
15191
15192
15194
15195
15197
15198
15199
15201
15202
15203
15205
15207
15208
15209
15210
15211
15212
15235
15236
15237
15238
15239
15240
15241
15242
15243
15244
15246
15247
15248
15249
15250
15251
15253
15254
15255
15256
15257
15258
15259
15260
15261
15304
15305
15306
15307
15308
15309
15310
15311
15312
15313
15314
15315
15332
15333
15334
15335
15336
15337
15338
15339
15340
15341
15342
15343
15344
15345
15346
15347
15360
15361
15362
15363
15364
15365
15366
15367
15368
15369
15370
15371
15372
15373
15374
15375
15376
15377
15378
15379
15380
15381
15382
15383
15384
15385
15386
15387
15388
15389
15390
15391
15392
15393
15394
15395
15396
15397
15398
15399
15400
15401
15402
15403
15404
15405
15406
15407
15408
15409
15410
15411
15412
15413
15414
15416
15417
15418
15419
15420
15421
15422
15423
15424
15426
15427
15428
15429
15430
15431
15432
15433
15434
15435
15436
15437
15438
15439
15440
15441
15442
15443
15444
15445
15446
15447
15448
15449
15450
15451
15452
15453
15454
15455
15456
15457
15458
15459
15460
15461
15462
15463
15464
15465
15466
15467
15468
15469
15470
15471
15472
15473
15474
15475
15476
15477
15478
15479
15480
15481
15482
15487
15488
15489
15490
15493
15494
15497
15498
15501
15503
15504
15505
15506
15507
15508
15509
15510
15511
15512
15514
15515
15516
15518
15519
15520
15521
15523
15524
15525
15526
15531
15532
15535
15536
15537
15539
15540
15541
15543
15544
15545
15547
15548
15549
15551
15552
15553
15554
15555
15557
15558
15559
15561
15562
15563
15621
15622
15623
15624
15625
15626
15627
15628
15629
15630
15631
15632
15633
15634
15635
15636
15637
15638
15639
15640
15641
15642
15643
15644
15645
15646
15647
15648
15651
15652
15653
15655
15656
15657
15658
15661
15662
15663
15664
15665
15666
15667
15668
15669
15670
15671
15672
15673
15674
15675
15676
15677
15678
15679
15680
15681
15682
15683
15684
15685
15686
15687
15688
15689
15690
15691
15692
15693
15694
15723
15724
15725
15726
15727
15728
15729
15730
15731
15732
15733
15734
15735
15737
15739
15740
15741
15742
15743
15745
15747
15748
15749
15750
15751
15753
15755
15756
15757
15758
15759
15760
15761
15762
15763
15764
15765
15766
15767
15768
15769
15770
15771
15772
15773
15774
15775
15776
15777
15778
15779
15780
15781
15782
15785
15786
15787
15788
15791
15792
15794
15795
15810
15811
15812
15813
15814
15815
15816
15817
15818
15819
15820
15821
15822
15823
15824
15825
15826
15827
15828
15829
15830
15831
15832
15833
15835
15836
15837
15838
15839
15840
15841
15842
15843
15845
15847
15848
15849
15850
15851
15852
15853
15854
15855
15857
15858
15859
15860
15861
15862
15863
15864
15865
15866
15867
15868
15869
15870
15871
15872
15873
15874
15875
15876
15877
15878
15879
15880
15881
15882
15883
15884
15885
15886
15887
15888
15889
15890
15891
15893
15896
15898
15899
15901
15904
15906
15908
15910
15911
15913
15916
15918
15919
15921
15923
15924
15925
15926
15937
15938
15941
15943
15944
15947
15949
15950
15953
15954
15957
15958
15959
15960
15961
15962
15963
15964
15965
15966
15967
15968
15969
15970
15971
15972
15974
15975
15976
15977
15978
15980
15981
15982
15983
15984
15985
15986
15987
15988
15990
15991
15992
15993
15994
15995
15996
15997
15998
16000
16002
16004
16006
16007
16008
16009
16010
16012
16014
16015
16016
16017
16018
16019
16020
16021
16022
16023
16024
16035
16036
16040
16041
16042
16046
16047
16050
16051
16054
16055
16056
16057
16058
16059
16060
16061
16062
16063
16064
16065
16066
16067
16068
16069
16070
16072
16073
16074
16075
16076
16078
16079
16080
16081
16082
16083
16084
16086
16087
16088
16089
16090
16091
16092
16093
16094
16095
16096
16097
16098
16099
16100
16101
16102
16105
16106
16107
16109
16110
16112
16113
16115
16116
16117
16118
16120
16121
16122
16123
16148
16149
16150
16151
16152
16153
16154
16155
16156
16157
16158
16160
16161
16163
16164
16165
16166
16167
16168
16169
16170
16171
16172
16173
16174
16176
16177
16178
16179
16180
16181
16182
16183
16184
16185
16186
16187
16188
16190
16191
16193
16194
16195
16198
16199
16200
16201
16203
16204
16205
16206
16207
16209
16210
16211
16244
16245
16246
16247
16248
16249
16250
16251
16252
16269
16270
16271
16272
16273
16274
16275
16276
16277
16278
16279
16280
16281
16282
16283
16284
16285
16286
16287
16288
16289
16290
16291
16292
16293
16294
16295
16296
16297
16298
16299
16300
16301
16302
16303
16304
16305
16306
16307
16308
16309
16310
16321
16322
16323
16324
16325
16326
16327
16328
16329
16330
16331
16332
16333
16334
16335
16336
16337
16358
16359
16361
16362
16363
16364
16365
16366
16367
16368
16369
16370
16371
16372
16373
16374
16375
16376
16377
16378
16379
16380
16381
16382
16383
16384
16385
16386
16387
16388
16389
16390
16391
16392
16393
16394
16396
16397
16398
16399
16400
16401
16402
16403
16404
16405
16406
16407
16408
16409
16410
16411
16412
16413
16414
16415
16416
16417
16418
16419
16420
16421
16422
16423
16426
16427
16428
16429
16431
16433
16434
16436
16437
16438
16443
16444
16446
16447
16448
16449
16450
16452
16454
16455
16457
16458
16459
16460
16461
16462
16463
16464
16465
16466
16467
16468
16469
16470
16471
16472
16473
16474
16475
16476
16477
16479
16480
16481
16483
16484
16485
16486
16487
16488
16489
16490
16491
16492
16493
16495
16496
16497
16498
16499
16500
16501
16502
16503
16504
16505
16506
16507
16508
16509
16510
16511
16512
16514
16515
16516
16518
16519
16520
16521
16522
16542
16543
16544
16545
16547
16548
16549
16550
16551
16553
16554
16555
16556
16557
16558
16559
16560
16562
16563
16564
16565
16566
16567
16568
16569
16570
16571
16572
16573
16574
16576
16577
16579
16580
16581
16584
16585
16586
16587
16589
16591
16592
16593
16595
16597
16598
16599
16602
16603
16605
16606
16607
16609
16614
16615
16616
16618
16619
16620
16621
16622
16623
16624
16625
16627
16651
16652
16653
16655
16656
16657
16658
16659
16661
16662
16663
16664
16665
16667
16668
16669
16670
16671
16672
16675
16676
16677
16678
16681
16682
16683
16685
16686
16687
16689
16690
16691
16692
16693
16694
16695
16696
16698
16699
16700
16701
16705
16706
16708
16709
16710
16712
16713
16714
16715
16729
16730
16733
16735
16736
16739
16741
16742
16745
16746
16749
16750
16753
16755
16756
16759
16761
16762
16765
16766
16769
16770
16771
16772
16773
16774
16775
16777
16778
16779
16781
16782
16783
16784
16785
16786
16787
16788
16790
16792
16793
16794
16796
16797
16799
16801
16802
16803
16805
16807
16808
16809
16823
16824
16825
16826
16827
16828
16829
16830
16831
16832
16833
16834
16835
16836
16837
16838
16839
16840
16841
16842
16843
16844
16845
16846
16847
16848
16849
16850
16851
16852
16853
16854
16855
16856
16857
16858
16859
16860
16861
16862
16863
16864
16865
16866
16867
16868
16869
16870
16871
16872
16873
16874
16875
16876
16877
16878
16879
16880
16881
16882
16883
16884
16885
16886
16887
16888
16889
16890
16891
16892
16893
16894
16895
16897
16898
16899
16900
16901
16902
16903
16904
16905
16906
16907
16908
16910
16911
16912
16913
16914
16915
16916
16917
16919
16920
16921
16922
16923
16924
16925
16926
16927
16928
16929
16930
16931
16932
16933
16934
16935
16936
16937
16938
16939
16940
16941
16942
16943
16944
16945
16946
16947
16948
16949
16950
16951
16952
16953
16954
16955
16956
16957
16958
16959
16960
16961
16962
16963
16964
16965
16966
16967
16968
16969
16970
16971
16972
16973
16974
16975
16976
16977
16979
16980
16982
16983
16984
16986
16987
16988
16989
16990
16991
16992
16993
16994
16995
16996
16997
16998
16999
17000
17001
17002
17003
17004
17005
17006
17007
17008
17009
17010
17011
17012
17013
17014
17015
17016
17017
17018
17019
17020
17021
17022
17023
17024
17025
17026
17027
17028
17029
17030
17031
17032
17033
17034
17035
17036
17037
17041
17042
17043
17044
17045
17048
17049
17050
17051
17052
17053
17054
17055
17056
17057
17058
17059
17060
17061
17062
17063
17064
17065
17066
17067
17068
17069
17070
17071
17072
17073
17074
17075
17076
17077
17078
17079
17080
17081
17082
17083
17084
17085
17086
17087
17088
17089
17090
17091
17092
17093
17094
17095
17096
17097
17098
17099
17100
17101
17102
17103
17104
17105
17106
17107
17108
17109
17110
17111
17112
17113
17114
17115
17116
17117
17118
17119
17120
17121
17122
17123
17124
17125
17126
17127
17128
17129
17131
17133
17134
17135
17136
17137
17138
17139
17141
17142
17143
17144
17145
17146
17147
17148
17149
17150
17151
17152
17153
17154
17155
17156
17157
17158
17159
17160
17161
17162
17163
17164
17165
17167
17168
17169
17170
17171
17172
17173
17174
17175
17176
17177
17179
17180
17181
17182
17183
17184
17185
17186
17188
17189
17190
17191
17192
17193
17194
17195
17196
17197
17198
17199
17200
17201
17202
17203
17204
17205
17206
17207
17208
17209
17210
17211
17212
17213
17214
17215
17216
17217
17218
17219
17220
17221
17222
17223
17224
17225
17226
17227
17228
17229
17230
17231
17232
17233
17234
17235
17236
17237
17238
17239
17240
17241
17242
17243
17244
17245
17246
17247
17248
17249
17250
17251
17252
17253
17254
17255
17256
17257
17258
17259
17260
17261
17262
17263
17264
17265
17266
17267
17268
17269
17270
17271
17272
17273
17274
17275
17279
17280
17283
17284
17287
17288
17289
17291
17292
17293
17295
17296
17297
17298
17299
17300
17301
17302
17303
17304
17305
17306
17309
17310
17312
17313
17314
17315
17316
17317
17318
17321
17322
17324
17325
17326
17327
17328
17329
17330
17331
17332
17333
17334
17336
17337
17338
17339
17340
17341
17342
17343
17344
17345
17346
17347
17348
17349
17350
17351
17352
17353
17354
17356
17357
17358
17359
17360
17362
17363
17364
17365
17366
17367
17368
17369
17370
17371
17372
17373
17374
17375
17376
17377
17378
17379
17380
17381
17382
17383
17384
17385
17386
17387
17388
17389
17390
17391
17392
17393
17394
17395
17396
17397
17398
17399
17400
17401
17402
17403
17404
17405
17406
17407
17408
17409
17410
17411
17412
17413
17414
17415
17416
17417
17418
17419
17420
17421
17422
17423
17424
17425
17426
17427
17428
17429
17430
17431
17432
17433
17434
17435
17436
17437
17438
17439
17440
17441
17442
17443
17444
17445
17446
17447
17448
17449
17450
17451
17452
17453
17454
17456
17458
17459
17460
17461
17462
17463
17464
17465
17466
17467
17468
17469
17470
17472
17474
17475
17476
17478
17479
17480
17481
17482
17484
17485
17486
17487
17488
17490
17491
17492
17493
17494
17495
17496
17498
17499
17500
17501
17502
17503
17505
17506
17508
17509
17510
17511
17512
17513
17514
17516
17517
17518
17519
17520
17521
17522
17523
17524
17525
17528
17530
17532
17533
17535
17537
17538
17539
17540
17541
17542
17543
17544
17545
17546
17547
17548
17549
17550
17551
17553
17556
17558
17560
17562
17564
17566
17567
17569
17572
17574
17575
17578
17580
17582
17583
17585
17587
17590
17592
17593
17595
17598
17600
17601
17602
17603
17604
17605
17606
17608
17609
17610
17611
17612
17613
17614
17615
17616
17617
17618
17619
17620
17621
17622
17624
17625
17626
17628
17629
17630
17631
17632
17633
17634
17636
17637
17638
17640
17641
17642
17643
17644
17645
17646
17647
17648
17649
17650
17651
17652
17653
17654
17655
17656
17659
17660
17661
17663
17664
17665
17667
17668
17669
17670
17671
17672
17675
17676
17679
17681
17683
17684
17687
17688
17691
17692
17695
17696
17697
17698
17699
17700
17701
17702
17703
17704
17705
17706
17708
17709
17710
17711
17712
17713
17714
17715
17716
17717
17718
17719
17720
17722
17723
17724
17725
17726
17728
17729
17730
17731
17732
17733
17734
17736
17737
17738
17740
17741
17742
17743
17744
17745
17746
17747
17748
17749
17750
17751
17752
17753
17754
17755
17756
17757
17758
17759
17760
17761
17762
17763
17764
17765
17766
17767
17768
17769
17770
17771
17772
17773
17774
17775
17776
17777
17778
17779
17780
17781
17782
17783
17784
17785
17786
17787
17788
17789
17790
17791
17794
17795
17797
17798
17799
17800
17802
17803
17804
17805
17808
17809
17810
17811
17814
17816
17818
17819
17822
17823
17826
17827
17830
17831
17832
17833
17834
17835
17836
17837
17838
17839
17840
17841
17842
17843
17844
17845
17846
17847
17848
17849
17850
17851
17852
17853
17854
17855
17856
17857
17858
17859
17860
17861
17862
17863
17864
17865
17866
17867
17868
17869
17870
17871
17872
17873
17874
17875
17876
17878
17879
17880
17882
17883
17884
17885
17886
17887
17888
17889
17890
17891
17892
17894
17895
17896
17898
17899
17900
17901
17902
17903
17904
17905
17906
17907
17908
17909
17910
17911
17912
17913
17914
17915
17916
17917
17918
17919
17920
17921
17922
17923
17924
17925
17926
17927
17928
17929
17930
17931
17932
17933
17934
17935
17936
17937
17938
17939
17940
17941
17942
17943
17944
17945
17946
17947
17948
17949
17950
17951
17952
17953
17954
17955
17956
17957
17958
17959
17960
17961
17962
17963
17964
17965
17966
17967
17968
17973
17974
17977
17978
17981
17982
17985
17986
17987
17988
17989
17990
17991
17992
17993
17994
17995
17996
17997
17998
17999
18000
18001
18002
18003
18004
18005
18006
18007
18009
18011
18012
18013
18015
18016
18017
18019
18020
18021
18023
18025
18026
18027
18028
18029
18030
18031
18032
18033
18034
18039
18040
18043
18044
18047
18048
18051
18052
18053
18054
18055
18056
18058
18059
18060
18061
18062
18063
18064
18065
18066
18067
18068
18069
18071
18072
18073
18074
18075
18076
18077
18078
18079
18080
18081
18082
18083
18084
18085
18086
18087
18088
18089
18090
18091
18092
18093
18094
18095
18096
18097
18098
18099
18100
18101
18102
18103
18104
18105
18106
18107
18108
18109
18110
18111
18112
18113
18114
18115
18116
18117
18118
18119
18120
18121
18122
18123
18124
18125
18126
18127
18128
18129
18130
18131
18132
18133
18134
18135
18137
18138
18139
18140
18141
18142
18143
18144
18145
18146
18147
18149
18150
18151
18152
18153
18154
18155
18156
18157
18158
18159
18160
18161
18162
18163
18164
18165
18166
18167
18168
18169
18170
18171
18172
18173
18174
18175
18177
18178
18179
18180
18182
18184
18185
18186
18187
18188
18189
18191
18192
18193
18196
18197
18198
18199
18200
18202
18203
18205
18206
18207
18208
18209
18210
18211
18212
18213
18214
18215
18216
18217
18218
18219
18220
18221
18222
18223
18224
18225
18226
18227
18228
18229
18230
18231
18232
18233
18234
18235
18236
18237
18238
18239
18240
18241
18242
18243
18244
18245
18246
18247
18248
18249
18250
18252
18254
18255
18256
18257
18258
18259
18260
18261
18262
18263
18264
18266
18267
18268
18270
18271
18272
18273
18274
18275
18276
18278
18279
18280
18282
18283
18284
18285
18286
18287
18288
18290
18291
18292
18293
18294
18295
18296
18297
18300
18301
18302
18303
18304
18305
18306
18307
18309
18310
18311
18312
18313
18314
18315
18316
18317
18318
18319
18320
18321
18322
18323
18324
18325
18326
18327
18328
18329
18330
18331
18332
18333
18334
18335
18336
18337
18338
18339
18340
18341
18342
18343
18344
18346
18347
18348
18349
18350
18351
18352
18353
18354
18355
18356
18357
18358
18359
18360
18361
18362
18363
18364
18365
18366
18367
18368
18369
18370
18371
18372
18373
18374
18375
18376
18377
18378
18379
18380
18381
18382
18383
18384
18385
18386
18387
18388
18389
18391
18392
18393
18394
18395
18396
18397
18398
18399
18400
18401
18403
18404
18405
18406
18407
18408
18409
18410
18411
18412
18413
18414
18415
18416
18417
18418
18419
18420
18421
18422
18423
18424
18425
18426
18427
18432
18433
18436
18437
18440
18441
18444
18445
18448
18450
18452
18453
18456
18457
18460
18461
18464
18465
18468
18470
18471
18472
18474
18475
18476
18477
18478
18480
18481
18482
18483
18484
18485
18486
18488
18489
18490
18491
18492
18493
18494
18495
18496
18497
18498
18499
18500
18501
18502
18503
18504
18505
18506
18507
18508
18509
18510
18511
18512
18513
18514
18515
18516
18517
18518
18519
18520
18521
18522
18523
18524
18525
18526
18527
18528
18529
18530
18531
18532
18533
18534
18535
18536
18537
18538
18539
18540
18541
18542
18543
18544
18545
18546
18547
18548
18549
18550
18551
18552
18553
18554
18555
18556
18557
18558
18559
18560
18561
18562
18563
18564
18565
18566
18567
18568
18569
18570
18571
18572
18573
18574
18576
18577
18578
18579
18580
18581
18582
18583
18585
18586
18587
18588
18589
18590
18591
18592
18593
18594
18595
18596
18597
18598
18599
18600
18601
18602
18603
18604
18605
18606
18607
18608
18610
18611
18612
18613
18614
18615
18616
18617
18618
18619
18620
18621
18623
18624
18625
18627
18628
18629
18630
18631
18633
18634
18635
18636
18637
18638
18639
18640
18641
18642
18643
18644
18645
18646
18648
18650
18651
18653
18654
18655
18656
18657
18659
18660
18662
18663
18664
18665
18666
18667
18668
18669
18670
18671
18672
18673
18674
18675
18676
18677
18678
18679
18680
18681
18682
18683
18684
18685
18686
18687
18688
18689
18690
18691
18692
18693
18694
18695
18696
18698
18699
18700
18701
18702
18703
18704
18705
18706
18707
18708
18709
18710
18711
18712
18713
18714
18715
18716
18717
18718
18719
18720
18721
18722
18723
18724
18725
18726
18727
18728
18729
18730
18731
18732
18733
18734
18735
18736
18737
18738
18739
18740
18741
18742
18743
18744
18745
18746
18747
18748
18749
18750
18751
18752
18753
18754
18756
18757
18758
18759
18760
18761
18762
18763
18764
18765
18766
18767
18768
18769
18770
18771
18772
18773
18774
18775
18776
18777
18778
18779
18780
18781
18782
18783
18784
18785
18798
18799
18803
18804
18805
18806
18807
18808
18809
18810
18813
18814
18818
18819
18820
18825
18826
18827
18828
18829
18830
18832
18833
18834
18835
18837
18838
18839
18840
18841
18842
18843
18844
18845
18846
18847
18848
18849
18850
18851
18852
18853
18854
18855
18856
18857
18858
18859
18860
18861
18862
18863
18864
18865
18866
18867
18868
18869
18870
18871
18872
18873
18874
18875
18876
18878
18880
18881
18882
18883
18884
18886
18888
18890
18891
18892
18893
18895
18896
18897
18898
18899
18900
18901
18902
18903
18904
18905
18907
18908
18909
18910
18912
18913
18914
18915
18916
18917
18919
18920
18921
18922
18923
18924
18925
18926
18927
18928
18929
18931
18933
18934
18935
18936
18937
18939
18941
18942
18943
18944
18945
18947
18949
18950
18951
18952
18953
18955
18957
18958
18959
18960
18961
18962
18995
18996
18999
19000
19003
19005
19007
19008
19011
19012
19015
19016
19019
19020
19024
19026
19027
19028
19033
19034
19055
19056
19057
19058
19059
19060
19061
19062
19065
19066
19069
19071
19073
19074
19077
19078
19081
19082
19085
19086
19090
19092
19093
19094
19099
19100
19101
19102
19103
19104
19105
19106
19107
19108
19109
19110
19111
19112
19113
19114
19115
19116
19117
19118
19119
19120
19121
19122
19123
19124
19125
19126
19127
19128
19129
19130
19131
19132
19133
19134
19135
19136
19137
19138
19139
19140
19141
19143
19144
19145
19147
19148
19149
19150
19151
19152
19153
19154
19155
19156
19157
19159
19160
19161
19163
19164
19165
19166
19167
19168
19169
19170
19171
19172
19173
19174
19175
19176
19177
19178
19179
19180
19181
19182
19183
19184
19185
19186
19187
19188
19189
19190
19191
19192
19193
19194
19195
19196
19197
19198
19199
19200
19201
19202
19203
19204
19205
19206
19207
19208
19209
19210
19211
19212
19213
19214
19215
19216
19217
19218
19219
19220
19221
19222
19223
19224
19225
19226
19227
19228
19229
19231
19232
19233
19234
19235
19236
19237
19238
19239
19241
19242
19243
19244
19245
19246
19247
19248
19249
19250
19271
19272
19273
19274
19275
19276
19277
19278
19279
19280
19281
19282
19283
19284
19285
19286
19287
19288
19289
19290
19291
19293
19296
19298
19299
19300
19301
19302
19303
19304
19305
19306
19307
19309
19311
19313
19316
19318
19320
19322
19323
19325
19327
19329
19332
19334
19336
19338
19339
19341
19343
19345
19347
19348
19349
19350
19351
19352
19353
19354
19355
19357
19359
19360
19361
19362
19363
19365
19367
19369
19371
19372
19373
19374
19375
19376
19377
19378
19379
19380
19381
19382
19383
19384
19385
19386
19395
19396
19397
19398
19399
19400
19401
19402
19411
19412
19413
19414
19435
19438
19439
19442
19443
19444
19445
19446
19447
19450
19451
19452
19453
19454
19455
19456
19457
19459
19461
19462
19463
19465
19467
19469
19470
19471
19473
19474
19475
19476
19478
19479
19501
19504
19505
19508
19509
19510
19511
19512
19513
19516
19517
19518
19519
19520
19521
19522
19523
19524
19525
19526
19527
19528
19529
19530
19531
19532
19537
19538
19539
19540
19541
19542
19543
19544
19545
19546
19547
19548
19553
19554
19555
19556
19557
19558
19559
19560
19561
19562
19563
19564
19566
19567
19568
19569
19570
19571
19572
19573
19574
19575
19576
19577
19578
19579
19580
19581
19583
19584
19585
19586
19587
19588
19589
19590
19591
19592
19593
19594
19595
19598
19599
19600
19601
19602
19603
19604
19605
19606
19607
19608
19609
19610
19612
19613
19615
19616
19617
19618
19619
19620
19621
19622
19623
19624
19625
19626
19627
19628
19629
19630
19631
19632
19633
19634
19635
19636
19639
19640
19643
19644
19645
19646
19647
19648
19649
19650
19651
19652
19655
19656
19659
19660
19661
19662
19663
19664
19666
19667
19668
19670
19671
19672
19673
19675
19676
19677
19679
19680
19681
19683
19684
19685
19687
19688
19690
19691
19692
19694
19695
19696
19697
19698
19699
19702
19703
19704
19705
19706
19708
19709
19711
19712
19713
19714
19716
19717
19719
19720
19721
19722
19723
19726
19727
19728
19729
19730
19735
19736
19737
19738
19739
19740
19741
19742
19743
19744
19745
19746
19751
19752
19753
19754
19755
19756
19757
19758
19759
19760
19761
19762
19763
19766
19768
19769
19771
19772
19773
19774
19775
19776
19777
19778
19780
19781
19783
19786
19787
19788
19789
19790
19791
19792
19793
19794
19795
19796
19798
19799
19800
19801
19802
19803
19804
19805
19807
19808
19809
19810
19811
19812
19814
19815
19816
19817
19818
19819
19820
19821
19823
19824
19825
19826
19827
19828
19829
19830
19863
19864
19865
19866
19867
19868
19871
19872
19873
19874
19875
19876
19877
19878
19879
19880
19881
19882
19883
19884
19887
19888
19889
19890
19891
19892
19893
19894
19895
19896
19897
19898
19899
19901
19902
19903
19904
19905
19906
19908
19909
19910
19911
19913
19914
19915
19916
19917
19918
19919
19920
19921
19922
19923
19925
19926
19928
19929
19930
19931
19932
19933
19934
19935
19936
19937
19938
19939
19941
19942
19943
19944
19945
19946
19948
19949
19950
19951
19952
19953
19954
19955
19957
19958
19959
19960
19961
19962
19964
19965
19966
19967
19968
19969
19970
19971
19972
19973
19974
19977
19978
19981
19982
19985
19986
19989
19990
19993
19994
19997
19998
