54
56
58
60
62
66
70
74
78
80
82
95
96
98
100
366
367
368
370
372
373
374
375
381
382
383
385
387
391
392
393
399
400
403
405
407
409
429
431
432
433
499
500
503
507
511
513
514
515
517
521
523
524
525
534
535
717
718
719
720
721
723
725
728
729
1929
1933
1936
1938
1951
1952
1959
1962
1973
1977
1978
1979
1983
1989
2019
2023
2031
2034
2035
2043
2051
2071
2075
2077
2079
2143
2144
2145
2155
2156
2161
2163
2190
2192
2193
2195
2203
2211
2215
2219
2223
2225
2235
2241
2246
2247
2255
2259
2263
2265
2275
2281
2287
2291
2293
2295
2300
2304
2307
2311
2314
2315
2322
2325
2329
2331
2332
2341
2342
2347
2350
2352
2353
2360
2363
2399
2405
2410
2414
2419
2423
2502
2505
2511
2514
2639
2641
2645
2647
2650
2652
2701
2703
2706
2708
2716
2725
2732
2735
2738
2742
2744
2746
2755
2762
2765
2767
2769
2773
2784
2793
2797
2800
2806
2814
2819
2826
2829
2831
2834
2838
2842
2844
2896
2897
2912
2913
2914
2920
2921
2928
2929
2930
2932
2934
2944
2945
2956
2957
2959
2962
2963
2968
2969
2970
2974
2978
2979
2980
2986
2987
2988
2994
2995
3000
3001
3002
3008
3009
3010
3014
3015
3016
3020
3021
3022
3024
3028
3029
3030
3032
3034
3060
3061
3070
3071
3072
3074
3076
3086
3087
3088
3090
3092
3094
3102
3103
3104
3106
3110
3111
3112
3114
3118
3122
3126
3127
3128
3130
3132
3134
3142
3150
3158
3159
3160
3162
3166
3170
3174
3175
3176
3178
3182
3186
3190
3191
3194
3195
3196
3200
3201
3203
3207
3210
3211
3220
3221
3222
3223
3224
3236
3237
3238
3242
3243
3244
3248
3249
3262
3263
3264
3266
3282
3283
3286
3287
3289
3302
3303
3308
3309
3310
3422
3423
3438
3439
3446
3447
3454
3455
3470
3478
3482
3490
3494
3495
3500
3501
3506
3507
3512
3513
3518
3528
3531
3539
3542
3546
3994
3996
3998
4000
4001
4002
4004
4007
4008
4009
4012
4014
4015
4016
4018
4019
4020
4021
4022
4023
4570
4572
4573
4574
4576
4578
4579
4580
4582
4583
4584
4585
4626
4628
4629
4630
4632
4633
4635
4637
4638
4640
4641
4642
4644
4646
4647
4648
4650
4651
4652
4654
4655
4656
4658
4659
4661
4663
4664
4666
4667
4669
4682
4684
4685
4686
4688
4690
4691
4692
4722
4723
4725
4727
4728
4730
4731
4732
4750
4751
4817
4818
4836
4837
4839
4841
4842
4843
4845
4847
4848
4849
4851
4853
4866
4867
4869
4871
4872
4874
4875
4876
4894
4899
4901
4903
4904
4905
4906
4907
4908
4910
4911
4912
4924
4925
4926
4927
4928
4929
4932
4933
4938
4939
4940
4941
4942
4944
4945
4947
4958
4959
4960
4961
4962
4963
4966
4967
4970
4973
5018
5019
5020
5021
5022
5024
5026
5027
5028
5043
5044
5045
5046
5048
5049
5050
5051
5052
5054
5055
5056
5058
5059
5061
5062
5063
5065
5067
5068
5070
5071
5073
5074
5075
5077
5078
5079
5080
5081
5083
5084
5085
5086
5088
5089
5090
5091
5092
5094
5095
5096
5097
5098
5099
5100
5107
5108
5110
5113
5114
5117
5118
5121
5122
5125
5126
5129
5130
5132
5133
5135
5136
5137
5139
5140
5141
5142
5144
5145
5146
5147
5148
5150
5151
5152
5153
5154
5155
5156
5167
5168
5171
5172
5175
5176
5177
5179
5180
5181
5259
5261
5262
5264
5265
5266
5268
5269
5271
5272
5274
5275
5276
5278
5279
5281
5282
5284
5285
5287
5288
5290
5291
5292
5293
5294
5295
5296
5297
5298
5299
5300
5301
5302
5304
5305
5306
5307
5308
5309
5310
5311
5312
5313
5314
5316
5317
5318
5319
5320
5321
5322
5323
5324
5325
5328
5329
5330
5331
5333
5334
5335
5336
5337
5340
5341
5342
5343
5345
5346
5347
5348
5349
5350
5352
5353
5354
5356
5357
5358
5359
5360
5361
5362
5364
5365
5366
5368
5369
5370
5371
5372
5373
5376
5377
5380
5381
5383
5385
5388
5389
5392
5393
5395
5397
5398
5399
5400
5401
5403
5405
5406
5407
5409
5410
5411
5413
5414
5416
5417
5418
5419
5420
5422
5423
5425
5426
5428
5430
5444
5445
5446
5447
5448
5449
5452
5453
5456
5457
5460
5461
5464
5465
5466
5467
5468
5470
5472
5473
5474
5476
5477
5478
5480
5482
5484
5486
5487
5489
5490
5492
5493
5494
5496
5498
5499
5500
5501
5506
5507
5508
5510
5511
5512
5513
5517
5615
5617
5619
5620
5621
5622
5623
5624
5626
5627
5629
5630
5631
5711
5713
5714
5715
5716
5718
5719
5720
5721
5722
5723
5724
5725
5726
5727
5728
5729
5730
5731
5732
5791
5793
5795
5796
5797
5798
5800
5801
5802
5803
5804
5805
5806
5808
5809
5810
5915
5917
5919
5920
5922
5923
5924
5925
5926
5927
5928
5929
5930
5931
5932
5933
5935
5936
5959
5960
5966
5967
5970
5971
5972
5975
5976
5978
5979
5981
5982
5984
5985
5987
5988
5990
5991
5992
5993
5994
5996
5997
5998
5999
6001
6002
6003
6004
6005
6006
6007
6008
6009
6010
6011
6012
6013
6014
6015
6016
6017
6018
6019
6020
6027
6029
6031
6032
6033
6034
6035
6037
6039
6041
6043
6044
6045
6047
6048
6050
6051
6053
6054
6056
6057
6059
6078
6079
6082
6083
6110
6111
6114
6116
6117
6118
6120
6122
6123
6124
6126
6127
6129
6131
6132
6133
6135
6136
6138
6175
6176
6177
6178
6179
6182
6184
6185
6186
6188
6189
6190
6191
6193
6194
6195
6196
6211
6214
6215
6217
6218
6219
6221
6222
6223
6225
6226
6227
6228
6229
6230
6231
6232
6234
6235
6237
6238
6239
6240
6241
6284
6285
6287
6288
6289
6290
6291
6292
6293
6294
6296
6297
6298
6299
6300
6301
6303
6304
6305
6306
6307
6308
6309
6311
6312
6313
6314
6315
6316
6317
6318
6319
6320
6321
6322
6326
6327
6330
6333
6334
6337
6338
6340
6341
6343
6345
6347
6349
6351
6352
6353
6354
6360
6361
6364
6365
6366
6367
6369
6371
6372
6373
6375
6376
6378
6380
6381
6382
6384
6386
6387
6388
6390
6391
6392
6393
6394
6396
6397
6398
6409
6412
6416
6419
6420
6422
6423
6424
6425
6426
6427
6428
6429
6446
6447
6448
6449
6450
6452
6454
6456
6458
6460
6462
6464
6465
6466
6467
6469
6470
6503
6505
6506
6507
6508
6512
6513
6514
6515
6538
6539
6540
6541
6543
6545
6546
6547
6548
6549
6551
6553
6554
6556
6557
6558
6560
6562
6563
6564
6568
6570
6584
6585
6588
6590
6592
6594
6595
6596
6598
6599
6600
6601
6602
6604
6626
6627
6628
6629
6631
6633
6634
6635
6636
6637
6640
6641
6642
6643
6645
6646
6647
6648
6649
6650
6651
6652
6653
6654
6655
6656
6657
6658
6659
6660
6661
6662
6663
6664
6665
6666
6668
6669
6670
6671
6672
6673
6675
6676
6678
6679
6681
6682
6684
6686
6688
6689
6690
6691
6692
6696
6698
6700
6701
6702
6704
6706
6707
6708
6709
6716
6717
6719
6720
6721
10818
10821
10824
10825
10826
10828
10830
10833
10834
10835
10839
10842
10844
10845
10847
10849
10851
10853
10857
10858
10859
10862
10865
10866
10867
10869
10871
10874
10875
10876
10880
10883
10885
10886
10888
10890
10893
10894
10896
10898
10902
10903
10904
10908
10911
10913
10914
10916
10918
10921
10922
10924
10926
10930
10931
10932
10935
10938
10939
10940
10942
10944
10946
10949
10950
10951
10954
10957
10958
10959
10961
10963
10965
10968
10969
10970
10972
10975
10977
10978
10981
10982
10983
10984
10987
10990
10991
10994
10996
10998
11001
11002
11003
11005
11007
11009
11010
11011
11013
11015
11017
11019
11020
11021
11022
11024
11026
11028
11030
11031
11033
11035
11037
11039
11040
11041
11042
11045
11046
11049
11050
11051
11052
11054
11056
11058
11060
11063
11064
11067
11068
11069
11070
11074
11076
11084
11088
11090
11098
11102
11104
11106
11108
11110
11111
11118
11120
11121
11128
11132
11134
11136
11138
11140
11142
11144
11152
11154
11158
11160
11162
11166
11168
11169
11170
11174
11184
11186
11190
11192
11194
11198
11200
11202
11204
11205
11206
11207
11216
11218
11220
11222
11224
11226
11228
11229
11230
11232
11234
11236
11248
11250
11252
11254
11256
11258
11260
11264
11266
11268
11272
11274
11276
11280
11282
11283
11292
11296
11298
11300
11304
11306
11308
11310
11311
11313
11322
11324
11326
11330
11332
11334
11336
11342
11344
11346
11352
11354
11356
11360
11362
11363
11367
11376
11377
11381
11390
11392
11394
11396
11398
11400
11402
11404
11406
11408
11410
11411
11422
11424
11426
11428
11430
11432
11434
11435
11436
11437
11438
11440
11450
11452
11454
11456
11462
11464
11468
11470
11480
11484
11486
11492
11494
11496
11498
11500
11501
11502
11503
11509
11510
11512
11513
11521
11523
11524
11530
11532
11534
11536
11538
11540
11542
11543
11544
11545
11554
11556
11558
11559
11560
11561
11570
11572
11574
11576
11578
11580
11582
11584
11586
11590
11592
11594
11595
11596
11598
11600
11602
11614
11615
11616
11618
11620
11622
11634
11636
11638
11640
11642
11644
11646
11648
11650
11654
11656
11658
11660
11662
11663
11664
11670
11672
11673
11680
11682
11684
11686
11688
11689
11690
11692
11694
11702
11703
11705
11714
11716
11718
11720
11722
11724
11726
11728
11730
11732
11734
11738
11740
11742
11746
11748
11750
11752
11756
11758
11760
11762
11764
11766
11768
11770
11771
11772
11773
11786
11788
11790
11792
11794
11796
11798
11800
11802
11804
11806
11808
11810
11812
11814
11815
11816
11817
11826
11828
11830
11832
11833
11842
11844
11846
11848
11850
11852
11854
11856
11858
11860
11862
11864
11866
11867
11868
11870
11872
11874
11886
11887
11888
11892
11894
11906
11908
11910
11912
11914
11916
11918
11920
11922
11924
11928
11930
11932
11934
11936
11938
11939
11940
11941
11954
11956
11958
11960
11966
11968
11969
11970
11971
11977
11978
11980
11986
11988
11990
11992
11994
11995
12002
12004
12006
12007
12014
12016
12018
12020
12022
12024
12026
12028
12029
12030
12035
12037
12038
12044
12046
12048
12049
12051
12053
12058
12062
12064
12066
12068
12070
12072
12074
12075
12077
12082
12084
12086
12088
12090
12100
12101
12103
12104
12106
12107
12109
12114
12116
12118
12120
12122
12132
12133
12135
12136
12138
12139
12142
12144
12145
12146
12154
12155
12156
12158
12159
12160
12162
12163
12165
12166
12172
12174
12176
12177
12179
12181
12182
12194
12195
12197
12198
12200
12201
12203
12205
12206
12207
12210
12212
12213
12214
12222
12223
12224
12226
12228
12229
12230
12231
12233
12234
12237
12240
12242
12243
12245
12250
12252
12254
12255
12256
12258
12259
12262
12265
12267
12268
12270
12275
12277
12279
12280
12281
12282
12286
12288
12289
12292
12294
12295
12296
12297
12300
12302
12303
12304
12305
12307
12308
12310
12311
12313
12315
12317
12320
12323
12325
12328
12329
12331
12332
12338
12340
12342
12343
12344
12345
12346
12350
12352
12353
12356
12358
12359
12360
12361
12362
12364
12365
12367
12368
12370
12374
12377
12384
12385
12386
12388
12389
12390
12392
12395
12396
12397
12398
12400
12401
12403
12404
12406
12410
12413
12420
12421
12422
12424
12425
12426
12428
12431
12432
12433
12434
12436
12437
12438
12441
12443
12446
12449
12456
12457
12458
12459
12460
12462
12465
12467
12468
12469
12470
12471
12472
12474
12477
12479
12480
12481
12482
12484
12485
12486
12487
12489
12490
12492
12495
12498
12501
12502
12512
12513
12514
12516
12517
12518
12519
12520
12522
12525
12527
12528
12529
12530
12532
12533
12534
12537
12539
12542
12545
12552
12553
12554
12555
12556
12557
12558
12560
12562
12565
12567
12569
12572
12573
12576
12577
12579
12582
12584
12585
12589
12590
12592
12595
12597
12599
12601
12603
12605
12606
12607
12611
12614
12615
12616
12617
12620
12621
12622
12623
12625
12626
12628
12630
12631
12632
12634
12636
12637
12638
12641
12642
12643
12646
12647
12648
12649
12650
12652
12653
12654
12663
12664
12665
12667
12668
12670
12671
12673
12674
12676
12677
12684
12685
12686
12688
12689
12691
12694
12695
12697
12698
12700
12701
12702
12703
12705
12706
12710
12711
12713
12716
12717
12718
12719
12721
12723
12724
12725
12726
12730
12731
12732
12733
12734
12735
12736
12737
12738
12739
12742
12743
12744
12746
12747
12748
12749
12750
12751
12752
12753
12754
12755
12756
12757
12758
12759
12760
12761
12762
12763
12764
12765
12767
12768
12769
12771
12774
12775
12776
12778
12779
12780
12782
12783
12787
12790
12795
12796
12799
12800
12801
12802
12803
12804
12807
12809
12810
12811
12812
12813
12815
12816
12817
12818
12819
12826
12827
12828
12830
12831
12833
12834
12835
12836
12837
12838
12839
12840
12841
12842
12843
12844
12846
12847
12848
12850
12851
12852
12853
12854
12855
12856
12858
12859
12860
12861
12862
12863
12864
12865
12866
12867
12868
12869
12874
12875
12876
12877
12878
12879
12880
12881
12882
12883
12884
12885
12886
12887
12888
12890
12891
12892
12894
12897
12898
12899
12901
12902
12903
12909
12910
12911
12912
12913
12918
12919
12921
12922
12923
12925
12927
12928
12929
12930
12931
12932
12933
12934
12935
12936
12937
12938
12939
12941
12942
12943
12944
12945
12946
12947
12948
12949
12950
12951
12952
12955
12956
12957
12958
12961
12962
12963
12964
12965
12966
12967
12968
12969
12970
12971
12972
12973
12975
12976
12978
12979
12980
12982
12987
12988
12991
12992
12993
12994
12995
12996
12997
12998
12999
13000
13001
13002
13003
13004
13005
13006
13007
13008
13009
13010
13011
13012
13013
13014
13017
13018
13025
13026
13029
13030
13031
13032
13033
13034
13035
13036
13037
13038
13039
13040
13041
13042
13043
13044
13045
13046
13047
13048
13051
13052
13053
13054
13055
13056
13057
13058
13059
13060
13061
13064
13066
13067
13068
13069
13070
13071
13079
13080
13085
13089
13090
13091
13098
13099
13100
13102
13104
13106
13107
13108
13109
13110
13111
13112
13113
13114
13115
13117
13118
13119
13120
13121
13122
13123
13124
13125
13126
13127
13128
13129
13130
13131
13132
13133
13134
13135
13136
13137
13138
13139
13140
13141
13142
13143
13144
13145
13146
13147
13148
13149
13150
13151
13154
13155
13162
13163
13166
13167
13168
13169
13170
13171
13172
13174
13177
13178
13179
13181
13182
13183
13184
13185
13186
13187
13198
13199
13200
13202
13203
13204
13206
13208
13210
13212
13214
13215
13216
13217
13218
13219
13220
13221
13222
13223
13224
13225
13226
13227
13228
13229
13230
13231
13232
13233
13234
13235
13236
13238
13240
13241
13242
13244
13245
13246
13247
13248
13249
13250
13251
13254
13256
13258
13259
13260
13262
13263
13264
13266
13267
13268
13270
13272
13274
13275
13277
13278
13279
13280
13281
13282
13283
13284
13285
13286
13288
13289
13290
13291
13292
13293
13295
13472
13475
13478
13483
13484
13485
13486
13487
13488
13489
13891
13892
13893
13894
13896
13899
13900
13903
13904
13907
13909
13912
13913
13914
13916
13917
13918
13920
13969
13970
13971
13973
13974
13975
13976
13978
13979
13980
14088
14093
14097
14101
14104
14109
14112
14113
14114
14115
14198
14199
14201
14203
14204
14205
14208
14210
14211
14213
14214
14215
14216
14217
14218
14219
14221
14223
14224
14250
14252
14257
14259
14261
14265
14267
14268
14269
14270
14271
14272
14421
14425
14427
14431
14433
14435
14439
14441
14442
14443
14444
14446
14448
14450
14452
14453
14472
14476
14478
14482
14484
14485
14488
14492
14493
14494
14496
14499
14501
14504
14508
14511
14513
14516
14519
14520
14521
14522
14523
14524
14525
14526
14527
14528
14530
14532
14533
14534
14662
14664
14665
14668
14669
14671
14672
14674
14676
14679
14680
14681
14682
14683
14684
14685
15015
15020
15021
15026
15028
15030
15031
15035
15036
15037
15120
15124
15126
15130
15132
15133
15136
15140
15141
15142
15156
15159
15162
15165
15168
15171
15174
15177
15179
15180
15181
15182
15244
15246
15247
15249
15251
15254
15255
15256
15257
15258
15259
15260
15261
15411
15413
15414
15416
15417
15418
15421
15423
15424
15426
15427
15428
15429
15430
15431
15432
15433
15434
15435
15436
15437
15438
15439
15440
15441
15442
15443
15645
15647
15651
15655
15657
15661
15662
15663
15664
15665
15666
15667
15668
15669
15670
15733
15739
15741
15747
15749
15755
15757
15758
15759
15777
15778
15779
15782
15785
15788
15791
15792
15832
15833
15835
15838
15841
15843
15845
15847
15852
15853
15855
15858
15861
15862
15863
15864
15866
15868
15870
15872
15873
15874
15970
15974
15976
15980
15982
15983
15986
15990
15991
15992
15993
15994
15995
15996
16000
16002
16004
16006
16012
16014
16017
16018
16019
16021
16023
16024
16068
16073
16074
16079
16080
16083
16084
16088
16089
16090
16102
16105
16107
16112
16115
16118
16121
16122
16123
16154
16155
16156
16158
16160
16161
16163
16164
16166
16168
16170
16171
16172
16174
16176
16177
16336
16337
16358
16361
16362
16365
16366
16368
16370
16372
16374
16375
16377
16378
16379
16381
16382
16384
16385
16386
16387
16388
16389
16390
16392
16396
16397
16399
16401
16402
16403
16405
16406
16408
16409
16410
16411
16413
16414
16415
16492
16495
16496
16498
16500
16501
16502
16503
16505
16506
16508
16509
16510
16511
16514
16515
16518
16519
16521
16542
16544
16548
16550
16554
16555
16558
16562
16563
16566
16567
16651
16655
16657
16661
16663
16667
16668
16671
16672
16677
16678
16683
16687
16691
16693
16694
16696
16769
16770
16771
16773
16775
16777
16779
16781
16783
16785
16787
16788
16808
16809
16823
16825
16826
16828
16829
16832
16833
16835
16836
16838
16839
16841
16844
16846
16847
16848
16849
16850
16851
16853
16854
16856
16857
16858
16859
16860
16861
16862
16863
16864
16865
16866
16867
16868
16869
16872
16873
16874
16881
16883
16884
16885
16887
16888
16890
16892
16893
16895
16898
16899
16900
16904
16905
16907
16911
16913
16914
16916
16920
16922
16923
16925
16926
16927
16929
16931
16932
16934
16935
16937
16938
16940
16947
16948
16950
16951
16965
16968
16969
16970
16973
16974
16975
16976
17091
17092
17099
17103
17104
17111
17119
17120
17123
17125
17127
17133
17134
17137
17141
17142
17145
17146
17149
17151
17152
17155
17156
17159
17160
17161
17167
17168
17171
17172
17173
17179
17180
17183
17185
17189
17190
17193
17194
17197
17198
17201
17202
17205
17206
17209
17211
17212
17213
17219
17220
17223
17224
17225
17231
17232
17240
17241
17242
17245
17246
17247
17250
17252
17253
17254
17255
17256
17258
17259
17260
17261
17262
17263
17264
17265
17266
17267
17268
17269
17270
17271
17272
17295
17296
17299
17301
17302
17310
17313
17314
17322
17329
17330
17334
17337
17338
17339
17340
17341
17342
17345
17346
17347
17348
17350
17352
17353
17357
17359
17363
17365
17366
17372
17373
17374
17376
17377
17378
17383
17384
17385
17386
17387
17389
17391
17393
17395
17396
17397
17398
17399
17400
17403
17409
17410
17413
17414
17415
17416
17419
17425
17426
17429
17430
17431
17432
17433
17434
17435
17436
17437
17438
17439
17440
17443
17444
17447
17448
17449
17450
17475
17479
17481
17485
17487
17488
17494
17495
17499
17501
17506
17510
17512
17514
17517
17519
17522
17524
17545
17548
17550
17601
17602
17606
17609
17611
17613
17615
17617
17618
17622
17625
17629
17631
17633
17637
17638
17642
17645
17646
17648
17649
17650
17651
17652
17659
17663
17667
17668
17695
17696
17699
17701
17702
17706
17710
17712
17713
17715
17719
17720
17724
17725
17729
17731
17733
17737
17738
17742
17745
17746
17748
17749
17750
17753
17755
17757
17759
17765
17767
17771
17772
17773
17774
17775
17776
17777
17778
17780
17781
17783
17784
17785
17786
17787
17795
17798
17804
17805
17830
17831
17834
17868
17870
17871
17872
17874
17875
17884
17886
17887
17888
17890
17891
17900
17901
17902
17903
17904
17905
17906
17907
17960
17961
17962
17963
18007
18009
18013
18017
18021
18023
18025
18026
18027
18028
18029
18030
18051
18056
18058
18060
18062
18063
18065
18067
18069
18072
18076
18078
18079
18081
18083
18084
18090
18091
18092
18098
18099
18100
18106
18107
18108
18114
18115
18116
18118
18119
18120
18121
18122
18123
18125
18127
18130
18133
18134
18135
18137
18138
18139
18142
18143
18145
18147
18149
18150
18153
18154
18155
18156
18157
18159
18160
18162
18163
18164
18165
18166
18167
18168
18169
18170
18171
18172
18173
18174
18175
18182
18184
18189
18193
18196
18202
18203
18239
18242
18244
18245
18267
18271
18273
18275
18279
18280
18284
18287
18291
18293
18296
18301
18302
18305
18309
18310
18333
18334
18337
18339
18342
18346
18347
18348
18349
18350
18351
18353
18355
18356
18358
18359
18363
18365
18367
18371
18372
18376
18379
18380
18382
18383
18384
18386
18387
18388
18389
18391
18394
18396
18397
18399
18400
18401
18404
18405
18406
18407
18408
18409
18411
18412
18414
18415
18416
18417
18418
18419
18420
18421
18422
18423
18471
18475
18477
18481
18483
18485
18488
18492
18493
18496
18497
18499
18501
18503
18505
18508
18509
18512
18513
18524
18525
18528
18529
18542
18547
18550
18552
18553
18556
18563
18566
18567
18568
18569
18570
18574
18576
18577
18580
18583
18585
18586
18589
18591
18592
18593
18595
18597
18599
18600
18601
18603
18606
18608
18610
18611
18612
18613
18614
18617
18619
18695
18696
18698
18699
18700
18702
18704
18706
18708
18709
18711
18712
18714
18716
18717
18718
18720
18722
18723
18724
18725
18727
18729
18732
18734
18736
18737
18738
18739
18740
18743
18745
18750
18751
18752
18753
18754
18756
18757
18758
18760
18761
18762
18763
18766
18767
18768
18769
18771
18772
18773
18774
18775
18776
18777
18778
18779
18780
18781
18782
18783
18784
18785
18899
18900
18901
18903
18905
18908
18913
18914
18915
18921
19133
19135
19137
19139
19143
19147
19149
19151
19153
19155
19159
19163
19165
19166
19167
19168
19169
19170
19171
19172
19226
19227
19228
19229
19232
19233
19236
19237
19238
19239
19242
19243
19245
19246
19247
19248
19249
19250
19343
19345
19355
19357
19363
19365
19367
19369
19375
19377
19380
19382
19457
19459
19463
19465
19467
19471
19476
19479
19521
19522
19523
19524
19537
19538
19539
19540
19553
19554
19555
19559
19560
19562
19567
19568
19569
19571
19572
19573
19575
19576
19577
19583
19584
19586
19587
19588
19590
19591
19592
19593
19594
19600
19601
19607
19608
19609
19610
19615
19618
19623
19624
19627
19628
19629
19630
19631
19632
19643
19644
19647
19648
19659
19660
19695
19698
19704
19705
19712
19713
19719
19722
19759
19762
19772
19773
19776
19777
19787
19790
19793
19794
19796
19801
19802
19803
19809
19810
19812
19817
19818
19819
19825
19826
19829
19830
19863
19864
19865
19866
19875
19876
19879
19880
19881
19882
19891
19892
19895
19896
19901
19902
19904
19913
19914
19915
19917
19918
19919
19929
19930
19932
19934
19935
19936
19941
19943
19944
19950
19951
19952
19957
19959
19960
19966
19967
19968
19969
19971
19972
